area_sqft,bedrooms,age_years,price_usd
1360,3,41,140791
4272,2,12,435830
3592,3,43,380030
966,2,46,107893
4926,3,38,462859
3944,4,26,406896
3671,3,25,357293
3419,2,27,326119
630,2,12,139599
2185,2,11,215249
1269,2,43,137526
2891,2,27,293838
2933,4,1,360236
1684,3,36,208033
3885,3,33,386725
4617,3,22,452873
3404,3,44,319720
974,1,28,137560
1582,4,34,222408
3058,2,10,379727
2547,4,47,265037
3247,4,32,336107
1475,4,10,231532
2306,3,8,289132
689,1,13,119419
3234,3,8,375538
3505,3,38,358605
2399,3,47,261865
1767,4,2,279539
2028,2,28,240845
3702,2,18,332365
4056,2,35,386942
4390,2,31,399332
1146,3,6,204208
3388,4,27,324498
2935,3,43,319321
1100,4,17,167535
2863,4,4,328865
2561,4,22,307697
741,1,21,96066
2541,4,25,328014
3324,2,41,337874
3112,2,11,322124
1863,3,39,225319
1978,2,18,216714
3056,1,46,259589
1275,2,0,201230
4514,1,2,472495
534,5,26,131250
3652,1,17,348451
2455,2,49,235296
2085,3,29,221333
4443,3,1,499632
3573,5,4,407641
1521,1,28,149287
3961,3,32,425095
3113,3,41,314267
4343,5,19,506339
2000,3,29,226253
661,4,41,162336
4797,1,4,479026
2481,3,49,233541
1495,3,20,184253
3842,4,14,393540
4298,2,19,398269
1775,2,7,210603
1516,2,48,133411
837,1,30,53742
1378,2,11,199077
1576,5,20,248916
4493,3,29,447655
879,3,26,118085
992,4,43,172362
2562,3,25,279562
4384,2,32,399241
564,2,25,102126
3068,2,25,313934
2527,3,35,222745
3195,3,39,319217
1995,1,0,236744
891,3,14,147117
4974,5,49,465203
4061,4,0,431929
2778,4,10,343383
3599,4,1,428423
700,2,0,131435
3604,4,30,387221
2954,2,43,271247
4145,3,15,413966
1304,3,21,184500
3231,1,41,269751
3273,4,17,401893
2070,5,46,219874
3190,2,16,337058
4340,4,29,446804
1528,1,9,185186
1002,3,34,166071
4993,3,20,447053
1370,3,15,200861
4988,5,5,538059
706,4,2,178121
1984,4,40,231624
1363,2,42,144104
3290,5,20,358918
1063,1,12,128838
4691,4,17,544702
2257,2,23,254920
2178,1,26,237876
3742,3,3,403135
1559,2,21,171914
2222,2,23,255245
3814,2,39,323123
3657,1,44,311331
3125,2,9,328442
3229,1,1,355274
2097,3,39,233891
3560,1,5,353087
3193,3,47,316646
4127,2,17,404938
1863,5,16,283415
2481,4,37,280735
2163,2,44,242310
2029,4,22,251064
2538,4,45,293787
3802,5,29,414997
2737,3,20,291094
1806,1,9,254538
4529,3,42,453139
3175,3,12,354692
1782,3,11,247057
1209,2,8,153688
4913,4,3,505162
4248,5,38,460533
1163,2,23,151341
2498,1,33,234925
3945,2,38,364542
4243,4,40,425392
1995,3,4,255198
3804,3,14,364961
4263,3,49,424040
2353,3,3,289414
1791,2,38,219602
4081,3,7,401765
3957,4,48,356954
2136,5,44,248802
4196,5,23,471655
3499,5,27,368060
3652,3,42,332367
1198,3,26,172325
2660,4,0,330468
4597,5,33,485938
1354,2,16,170580
3974,2,36,381522
2207,2,37,247785
3277,3,25,321629
2233,2,23,263531
4010,2,38,344575
702,1,20,111638
3755,2,29,389921
4718,4,46,446396
4996,2,47,459861
1266,3,12,179442
4889,3,36,477901
2827,4,2,307242
3431,2,31,337353
697,5,34,150562
2430,3,18,304154
4082,5,13,473024
1108,5,47,159877
3772,2,21,380245
1647,1,16,159764
4782,2,3,512463
3897,3,44,385885
3011,2,39,255638
2294,2,18,257817
1159,3,36,156117
3311,1,1,331304
1869,2,14,223808
2486,3,1,289369
646,1,10,82627
3719,3,44,347274
3411,3,22,361623
2234,3,9,290799
2343,4,2,308011
988,3,4,191065
3476,3,2,399736
2459,3,37,240977
2885,4,12,352364
3419,4,41,363452
2302,4,18,315422
4561,3,39,443276
3869,2,49,327840
762,2,34,93996
1123,1,23,99508
1516,5,23,235448
4143,3,16,457726
2549,4,39,236824
4223,2,9,458687
3608,4,1,424430
4590,2,43,399171
2556,1,22,260480
3670,3,5,382152
2182,3,1,287197
2755,3,20,306315
1654,4,34,215718
4999,2,48,430774
3691,3,28,361215
2196,3,6,283492
4491,2,28,419085
2148,4,36,252062
1945,4,22,257078
4699,4,32,467012
4423,4,7,498346
753,4,11,157465
3683,2,45,335174
3057,4,47,302074
598,2,9,138749
2700,2,14,279970
3461,1,23,354165
4933,4,25,502241
4277,4,46,466622
3369,2,41,305276
3734,4,38,404743
4291,5,2,496519
1456,2,1,193312
4567,2,5,471621
660,4,20,150649
4993,2,8,488830
1800,3,9,244909
4487,1,35,425336
2027,3,2,274099
1718,4,40,200484
4996,3,23,483500
3604,4,21,389566
3235,4,48,347399
1454,4,13,204421
3946,3,41,388268
1545,1,44,115400
2193,3,43,240508
3936,1,26,381891
1062,4,32,198367
2985,2,21,325180
3854,3,28,381768
725,2,18,92402
1459,4,18,221670
3567,4,5,401304
1315,3,44,159988
3620,4,18,383136
516,2,12,106342
1743,3,25,182555
2705,4,21,295893
3024,2,20,291669
1569,5,35,232075
3944,2,1,399149
3065,1,46,295127
1560,5,43,191286
2827,1,29,308221
3920,5,26,391920
801,5,6,193522
4776,2,19,463854
1106,3,49,108404
3670,2,30,346033
1199,3,22,165811
1639,1,12,194411
690,2,16,102594
2800,3,3,337055
1480,3,13,207355
3475,5,19,411600
1684,4,12,223217
3827,4,2,425527
3894,3,25,421948
627,4,25,116986
2565,2,17,252560
2316,4,31,258302
1069,5,13,168297
2395,2,46,258487
3233,3,2,362315
4363,4,0,475939
4514,5,25,492055
3401,4,23,358424
2186,2,48,204323
3509,2,34,323930
654,1,13,73399
3037,4,2,366658
1909,1,12,231328
4557,4,46,443572
1284,2,49,146896
3675,2,13,357050
4841,3,20,468912
3306,4,25,337712
1037,2,2,172343
2341,3,39,241468
2955,3,3,336183
1024,2,35,137081
3450,2,42,314336
4631,4,0,523069
4615,3,39,444716
2868,1,46,246989
4347,4,32,413166
4995,5,6,554313
3201,3,10,360177
1471,3,26,194794
1666,4,13,242543
3274,5,21,368566
2482,4,15,300245
1353,3,45,147751
4646,3,11,499211
4236,4,48,407507
4269,2,45,377718
1074,3,9,199227
3761,4,23,423864
1648,3,45,185334
2215,3,17,260537
4354,3,21,433058
2991,2,8,323843
3160,3,16,328655
3624,4,37,382340
3551,2,39,364780
504,2,12,118567
1376,5,49,163301
1491,2,36,171726
4642,2,5,472071
4864,5,20,522473
4965,4,35,475272
1135,3,6,184335
2193,4,35,270300
2182,2,24,217410
619,4,10,142530
1330,3,43,151268
4175,4,13,467245
1869,3,44,221719
1240,3,28,132327
616,3,9,154515
3338,3,49,341151
1650,4,47,213914
2431,3,4,287301
1512,3,7,210983
2164,3,45,196726
1581,3,4,186875
1012,4,23,161912
3349,4,39,349241
1059,3,25,158196
4172,5,5,488400
3843,4,15,473755
4570,3,35,434322
1970,3,11,230249
1080,5,10,214630
2794,3,2,334090
3647,4,43,358053
4749,3,36,471860
2179,3,5,259600
4006,2,18,396595
3244,3,17,349063
3856,5,15,417701
4545,3,22,424150
1743,3,42,196696
3618,5,36,413966
2641,3,8,327181
3559,3,2,413615
3459,4,7,381233
2765,4,37,304478
2979,2,3,303980
2135,3,11,266315
2257,3,43,260243
4952,3,30,505477
2570,3,24,321198
3349,3,15,379470
3751,2,41,358198
4230,3,13,454695
2989,1,12,316915
2131,3,40,213604
3316,4,6,357384
1515,4,11,241464
1848,3,36,246560
3587,1,49,327726
3339,2,3,326217
835,3,1,155427
1395,2,34,154234
4046,3,43,353901
1351,2,2,167650
2187,4,3,291627
2431,3,37,261944
4246,2,11,409961
2927,4,18,311582
2068,2,9,266459
4500,2,0,455614
3238,3,16,346720
3998,3,15,406989
4413,4,8,461623
1566,2,8,226960
4880,3,8,484363
2944,2,11,320274
4607,1,40,408751
3873,4,14,387337
4469,4,1,493002
3046,2,10,299118
1253,3,10,200943
2582,2,7,269714
3274,4,31,360486
3396,2,5,354928
4685,1,19,428287
1275,3,38,161565
2125,3,34,208331
3569,3,7,388719
917,1,49,98225
614,2,48,93356
1116,3,42,131132
4474,2,33,414990
3767,4,18,381740
1325,1,6,156912
2016,3,30,202278
3646,3,17,392431
912,2,39,125879
1228,3,13,175603
3848,4,38,372431
3308,2,35,324727
1175,5,16,190051
3965,3,36,400919
3004,2,43,318577
3467,3,8,364175
3286,2,19,323159
1622,4,44,168797
4579,4,27,469444
2071,4,49,228641
2643,5,19,321984
2187,4,40,248185
4632,3,35,427933
4351,2,26,388697
3940,3,7,407836
4266,1,31,355930
2826,4,0,334288
3414,3,16,371565
4452,1,8,434893
1095,1,19,103346
1228,3,44,165468
1865,3,31,212822
4992,3,1,494732
1198,3,31,153071
895,3,44,107780
4671,3,8,466815
4860,2,29,472926
3002,2,19,292456
2319,3,37,251038
1217,3,0,174301
3282,1,4,338505
4077,3,34,405522
643,2,35,97467
3640,3,0,405854
4991,3,13,499332
3438,3,8,358476
4136,4,29,407814
3722,2,23,374148
1667,5,3,240389
3116,3,49,274227
1562,3,13,237905
2656,3,24,287285
3482,3,3,398800
3794,3,24,404412
1656,3,9,225880
1232,1,34,122138
4830,1,6,461873
1453,3,41,198249
3039,2,12,313856
3824,3,3,419615
3801,2,49,356476
2042,4,42,237682
1691,4,35,231253
3493,5,13,399345
3181,3,17,357105
1717,4,7,215242
2040,4,31,270444
3736,3,26,401576
2886,2,41,270630
4219,5,36,448314
1888,3,22,245119
2356,3,6,269380
1865,2,11,222723
999,2,24,112611
2180,4,2,313391
1010,3,25,165659
4812,2,3,480362
1824,2,41,178695
1655,3,35,190993
2327,3,14,259844
3641,2,31,349152
3986,4,28,396530
2310,1,9,266719
3423,3,20,382419
2714,3,15,324703
4686,2,46,401614
1213,4,18,187752
4102,4,28,435595
4634,4,17,497327
4022,2,43,337170
4768,2,15,480608
1743,2,0,205776
4209,3,47,393593
1581,4,1,265819
955,4,14,194572
1394,4,38,206760
1884,5,27,233547
2458,4,0,304182
3572,2,4,368689
2496,2,41,240324
4785,3,21,480425
1004,2,35,146330
1714,1,45,139974
2031,3,12,241915
3940,4,0,470525
1323,2,15,153592
1428,4,40,196463
633,4,21,137009
2605,3,31,286210
4127,1,15,383190
2352,2,14,275849
4675,4,45,441599
3433,4,41,327052
3784,4,11,427080
4798,3,0,457774
3311,2,16,332010
1750,2,40,185990
4012,4,49,405860
1756,2,27,218937
3876,2,6,434255
3986,3,8,450701
4084,1,21,390387
1896,2,25,231421
4137,3,11,436615
3830,2,6,410696
3203,2,45,287466
970,4,46,145567
1853,4,14,242186
3283,2,37,311531
3331,4,20,377509
857,3,13,189889
3519,3,1,400020
1167,4,7,200584
4968,4,44,464508
1645,4,5,259956
4685,2,36,428986
4219,1,36,387149
3245,4,32,360059
1039,3,40,158068
3279,2,5,367877
4636,4,25,452037
4275,4,38,396865
3008,4,40,330306
3279,2,36,317063
1424,4,13,222486
3456,1,36,346515
2081,1,7,222386
3824,3,38,397685
4985,1,12,463405
755,2,12,157949
2338,3,39,260439
2444,2,42,210211
509,2,27,83353
3371,2,17,380617
1297,3,18,215868
1515,3,37,190250
2324,4,31,276716
4969,4,21,511480
3636,3,1,410726
2693,4,12,321970
723,2,22,136853
4658,2,24,457531
4425,4,27,436348
4500,3,10,477289
2133,5,32,270874
2652,3,23,287195
1010,4,1,228823
884,3,29,137207
904,3,16,117416
2500,3,39,256355
3256,4,33,365042
2168,3,37,218203
1960,5,21,283671
4136,2,4,408801
3224,2,47,321700
4678,3,39,435523
2548,3,15,287247
4646,4,12,482843
1216,2,25,164114
2323,3,30,289649
2581,3,38,269052
3919,3,47,371518
2074,4,22,249571
749,2,47,57972
1173,3,11,172981
2665,5,13,313262
1270,4,17,163578
4462,3,26,441684
4863,3,27,466188
2484,2,17,295518
1577,3,15,195644
735,4,15,166541
888,3,12,167794
3537,2,28,371113
2348,2,8,266663
3314,2,25,355432
3874,2,27,386987
3778,1,40,358637
1752,3,12,272614
4481,2,35,416666
2622,2,8,296344
2650,3,46,258537
1829,2,13,247626
1858,1,11,256613
2982,2,31,309484
2517,2,37,220563
1831,3,2,232339
4844,2,15,494612
4761,4,19,471286
1858,5,31,234920
3677,4,22,384704
2628,3,16,297791
2680,4,15,324420
637,3,37,70735
3972,1,7,366726
3332,3,18,329555
4079,4,29,397002
3531,2,33,340823
4664,1,13,449342
3093,4,21,365942
4800,4,43,476388
4318,2,16,417349
4638,3,14,476568
4323,2,49,407631
4542,4,47,435577
2406,2,31,241722
1260,2,12,155690
3945,4,20,406838
1399,3,48,168655
4955,3,39,469306
3447,3,32,384846
2219,2,26,225234
780,3,34,134204
3766,2,15,389065
2387,3,27,263886
3766,2,33,352670
1166,3,46,149711
4688,5,0,533248
1171,5,40,180170
2469,3,47,256126
4656,2,30,440416
3622,3,35,331328
4400,4,43,433918
1023,2,32,123721
2893,5,32,367537
3617,2,38,353245
3093,5,17,371132
2468,4,22,301710
2253,4,22,256688
2796,2,14,289884
2761,1,25,263658
2786,3,29,304001
4702,2,24,443044
3378,1,44,290304
4643,3,15,452433
4144,3,38,402092
4932,3,47,460800
2555,3,44,267088
1776,2,13,202831
3266,5,16,390083
802,2,11,116245
1138,3,28,154186
555,3,31,110403
1025,4,23,164868
4623,1,12,415441
2625,3,19,269357
3787,3,14,404071
864,2,3,160273
2146,3,33,243917
1418,5,27,223997
3297,5,49,341395
2031,1,1,249726
3845,2,46,357674
2406,2,29,238199
3586,3,25,379070
2575,2,46,249003
1213,2,25,183209
1562,5,19,259797
2476,5,41,284598
1796,1,27,177741
625,2,19,138389
4096,3,10,441087
3783,2,9,387620
2103,3,22,211551
566,3,36,86311
732,4,40,109369
2656,4,18,311525
1669,3,44,195198
2658,3,17,314412
4706,2,48,449410
1993,3,26,249970
4507,3,5,448686
2972,2,9,340360
3160,2,1,378599
3239,2,23,358023
2261,5,37,250953
4014,2,27,385350
2475,2,27,275272
2862,3,44,264619
1376,3,49,122111
4312,2,38,406571
3948,5,1,447219
1812,4,45,180653
1960,3,4,278931
3209,3,49,311922
2824,1,10,283667
2233,2,9,241658
2105,4,42,241667
3063,1,1,333432
3921,2,14,402351
4017,3,38,363504
2897,2,40,286828
4235,5,36,454275
3370,2,6,353068
1660,4,19,247012
742,3,33,103135
3090,4,34,355080
1563,2,33,175636
4824,3,21,470908
3095,4,30,331342
1419,3,22,207202
505,3,18,120595
967,3,3,185206
4670,4,23,498694
503,3,19,105487
1145,5,38,179016
617,2,27,96004
3428,3,38,359087
3051,4,16,343250
4789,3,18,481325
1346,4,47,209333
3262,5,34,384602
1641,3,31,178650
2310,2,46,237385
1223,1,45,127352
724,4,46,96528
4708,4,45,454198
2548,2,38,233921
4915,2,34,413908
2073,1,29,203777
2328,4,16,279570
2417,2,41,216428
4734,3,46,442017
2526,3,28,237938
4244,4,5,465482
1401,3,16,195162
2539,3,16,303832
509,2,13,78807
760,3,23,170509
2173,4,49,267509
2719,5,36,298997
2560,2,39,277075
4213,1,38,392932
2119,1,31,200005
820,3,35,111776
1842,4,49,198207
2876,1,36,317134
3332,3,47,346302
3324,2,13,343290
2494,1,26,243694
3458,3,18,382584
2538,2,30,274195
3990,3,45,362926
4177,4,8,460800
1618,3,37,178184
2104,2,16,242379
4527,5,18,487330
735,3,43,124192
2469,4,3,311436
4929,1,47,429694
2408,1,10,223874
875,1,21,120000
4030,2,3,404936
3135,3,16,314966
2070,5,7,312874
3060,3,45,300348
3891,2,33,333746
3465,3,10,363419
4143,2,30,396245
4350,3,10,453375
1372,3,37,158230
1752,4,20,174344
1814,5,45,215255
3398,2,29,353308
577,3,9,158488
3121,5,25,349350
4727,4,26,514495
1100,3,7,150993
1565,5,38,197844
2636,1,7,296706
2949,5,7,380477
2843,1,33,266881
2363,3,15,257710
1818,4,40,196337
4097,2,12,400782
4262,3,22,411459
2690,2,11,297802
1492,5,26,218959
3212,4,21,336915
2692,4,31,295232
1748,3,48,138290
3554,4,26,386995
4533,3,1,492006
2497,3,44,238032
4187,4,32,413340
2651,3,25,294976
4518,1,27,418542
3610,1,18,364166
2470,2,42,225569
697,4,4,152554
3126,3,32,318337
1702,4,19,212679
2535,3,29,271310
977,2,44,91349
1754,2,7,228206
1422,4,37,169634
919,3,16,158467
2704,5,43,329459
3097,3,0,365953
1620,3,2,233465
3568,3,45,319734
1450,5,25,243252
2836,4,30,335143
2743,1,7,286940
3145,3,42,305010
2357,3,45,226693
2365,4,7,334833
3412,2,34,343331
3353,4,38,335753
3728,5,27,429266
4219,2,3,459119
3728,4,15,408498
2871,1,12,288436
3391,1,19,312559
4256,2,4,449693
4725,1,36,415737
594,4,19,129258
3174,1,23,306982
2455,2,35,231950
1293,2,33,177816
2334,2,44,243012
2616,1,47,232338
4606,3,33,431587
3825,2,18,369174
3419,4,16,366270
3097,4,4,346292
3705,1,24,356933
1314,4,17,189726
845,1,49,65433
2849,2,7,299114
862,1,26,125134
2943,2,14,299700
2765,3,44,300067
2688,4,12,318901
3505,2,15,337513
3781,4,21,414631
1484,2,19,199310
2139,4,12,261970
1327,2,19,171133
3230,2,1,359082
4031,2,34,383556
4951,2,46,437388
3435,3,18,381244
4376,4,44,424639
626,1,36,64107
3677,4,5,384773
3556,3,13,350056
1103,4,3,204041
3949,2,21,389078
4646,3,38,460284
4033,5,35,446150
3867,3,33,379683
3868,3,26,409655
4297,2,6,427931
2292,2,2,269721
3361,3,46,322272
3976,4,32,437983
3917,2,1,388732
2145,3,41,229189
1705,3,15,209396
3530,3,24,360867
3372,3,14,358667
3572,4,23,387317
2354,2,14,287534
4521,4,30,492521
3208,2,13,348898
4002,2,13,386945
1832,2,5,226576
701,2,13,128675
4007,2,16,394070
4712,2,17,455132
1074,4,19,177209
1036,2,16,162759
2125,4,15,282168
2622,1,39,230087
885,5,38,165296
3781,4,31,425223
974,1,43,68956
917,4,8,170473
4100,3,26,403059
1454,4,45,181028
1705,3,32,168695
4620,3,9,501399
2490,4,16,303292
4072,3,48,388886
4880,1,48,425481
4658,4,35,454632
3213,3,16,361480
2703,3,17,304449
3620,1,22,308776
1466,3,33,178063
3932,5,7,445823
1188,2,12,179121
4743,3,22,520380
4201,3,19,436083
841,4,21,194441
2224,3,46,216487
4922,2,22,460771
2292,5,40,267384
2259,3,34,253868
3712,2,2,381589
1489,1,33,122951
2762,3,32,291784
2982,2,45,258896
1451,2,16,204219
1222,4,44,172659
3889,1,18,360293
2579,4,29,302619
3217,2,22,317178
2832,4,14,332980
3876,4,13,423109
2000,1,1,227758
785,3,38,131077
3995,2,48,341830
2565,4,17,317290
1268,4,5,217261
3557,3,31,334862
4789,3,20,463765
2661,2,39,239695
3793,4,27,393409
1446,3,26,187581
3835,2,1,388064
4650,3,32,469294
1981,1,15,234425
2401,4,38,290704
3951,1,21,326710
4564,3,42,467607
554,2,46,74878
2323,2,12,263906
3962,3,1,428736
3579,5,13,389832
1332,4,37,185295
4908,2,40,478194
3306,2,27,331382
2990,4,6,336878
827,3,17,117439
3810,2,40,350557
3800,4,35,377607
4175,4,40,429521
3554,5,35,409757
2643,5,43,306508
1811,4,3,258803
3691,1,29,341549
3038,2,23,311909
4483,3,19,432376
664,3,45,108280
4777,3,30,445590
1322,3,23,199861
1443,3,6,203916
4925,3,25,498579
1274,1,12,132371
2698,2,7,315757
3656,3,4,425485
4742,4,43,438401
4195,2,12,420131
3952,3,28,403347
1414,4,19,214299
1808,3,13,226968
4677,1,31,416059
1013,3,49,126863
2420,2,26,260845
4094,5,24,432896
1909,2,3,223814
3690,3,20,406454
4991,1,17,470773
2055,3,38,183184
1304,3,14,210955
1779,2,37,176066
4077,3,47,386346
3401,2,23,348232
1887,2,7,205288
3261,3,27,334586
3179,2,20,349931
2606,4,15,333118
4723,3,15,473228
3268,3,34,344865
4453,1,16,439560
3686,3,8,413047
3780,4,34,369871
3073,2,28,337145
3099,4,38,319465
4533,2,17,446873
736,4,11,153036
1804,1,18,200875
3930,4,47,372093
1801,3,21,218832
3041,2,48,284174
2551,2,14,302078
941,3,0,194855
2576,5,1,363541
3680,2,7,400035
3157,2,21,356385
4298,3,24,426307
1304,3,1,201800
574,3,8,130609
2675,3,8,311674
4424,2,12,415788
2589,5,5,343830
540,3,29,115028
2581,2,14,277951
2122,4,14,241937
841,3,49,108070
4552,2,6,436415
2574,3,10,309481
1145,2,39,132672
4763,3,37,459367
1109,4,39,138366
954,2,1,182598
3453,3,47,335168
2208,4,38,235623
3972,5,9,462253
3469,3,43,340024
3528,3,16,408744
3181,3,6,348233
4129,5,39,406709
4725,4,38,471233
3567,2,3,397815
1886,3,34,256323
4276,3,46,464795
3366,4,35,326173
3863,3,30,384920
4624,3,24,436844
648,5,40,127627
4350,1,12,464940
2558,2,17,262275
1636,3,20,209664
686,2,47,71454
3354,1,0,332030
1750,1,35,204020
1833,3,49,164298
4693,4,7,499019
4650,3,47,435433
3211,3,20,343340
2285,2,42,218142
1250,4,20,221308
2262,4,26,233056
4420,3,18,456956
4960,2,22,483857
981,1,49,94750
653,1,42,55149
2024,3,34,247930
2620,4,39,306689
2843,4,41,286865
1740,3,47,164938
560,4,4,127760
1438,5,40,203287
2139,2,7,254257
4620,3,10,469200
4726,5,15,546173
4069,2,38,371965
1752,5,46,222094
4703,5,23,493657
671,3,20,163371
1958,4,22,214215
4049,4,48,390986
4697,3,37,460901
2822,2,46,260667
2136,1,7,214682
3615,2,6,383253
4590,3,1,454766
3504,2,29,355104
829,1,12,113626
4140,2,22,395033
4394,4,28,468720
4607,5,37,454136
1841,5,36,210520
4163,3,19,409666
715,4,32,169221
838,4,28,129563
4562,3,49,430549
3208,3,14,366060
3652,2,22,347104
2250,5,41,250157
2921,3,2,344127
1209,3,36,158620
4226,3,28,444867
4142,2,44,365423
4493,2,7,446714
988,3,21,204871
546,1,28,50000
3859,4,1,400856
900,3,40,98605
4490,3,48,438878
3657,3,49,339155
4845,3,44,446129
890,3,0,153275
4353,3,43,429936
4930,4,19,481634
1128,4,20,171412
4732,4,36,452358
3430,2,7,315049
2021,3,26,226976
1326,5,46,181444
2000,3,34,210240
3794,2,5,391661
2919,3,44,285947
1434,2,43,147895
3542,2,18,340497
4997,5,17,509338
1966,3,0,262955
4061,2,24,369815
1114,5,26,184635
1682,5,6,290208
3723,3,43,359156
3167,2,41,267116
630,4,28,133186
3483,4,30,384787
4778,3,43,435214
4959,4,42,475733
538,3,35,82931
4459,2,18,429095
4087,3,5,424415
1420,2,24,179742
3269,4,30,381713
4611,3,8,478364
992,1,19,98768
1631,3,9,268364
4021,2,36,389077
810,2,26,131806
1238,3,12,184682
3741,2,40,354174
1045,4,1,191472
2961,1,49,274151
4846,3,20,474316
2304,4,32,276248
3712,3,23,400369
4310,3,43,432176
1313,5,41,205979
4624,2,33,415015
2532,1,8,298929
4913,3,1,523361
744,1,29,98940
771,5,21,172910
4011,2,45,364083
2271,4,10,282635
1762,4,42,202736
2924,2,16,332526
4861,3,35,467643
1420,1,12,176370
3930,3,6,422932
4935,1,15,454452
4984,5,32,471597
3124,5,44,351576
4260,2,0,454029
2550,2,10,284543
4000,4,5,424375
1665,2,19,231499
875,4,34,137434
2533,3,43,263173
645,3,36,93968
4888,4,40,453185
931,3,25,154748
1204,5,11,187125
3132,5,29,360542
4994,2,27,476264
1463,1,26,137999
2734,5,41,284854
2541,5,18,305517
2328,1,4,246783
2608,4,4,299344
4568,3,40,415027
1438,2,26,172396
1306,4,27,224423
1963,2,25,234992
3915,5,26,429464
510,2,48,86060
2368,3,41,267878
1384,2,20,168150
4064,3,0,445082
1889,3,27,240767
3901,2,47,375245
4821,3,14,508218
1324,3,16,169853
2765,1,25,291175
1436,4,19,242705
3300,2,24,358581
3053,3,12,320565
4345,3,32,401859
2296,3,24,269734
553,2,7,145152
1226,3,4,198481
3236,3,5,359830
3670,4,22,393926
2413,4,29,298673
2096,3,13,251771
2414,1,22,252447
2966,2,10,317763
3237,2,30,303154
1349,2,5,171264
2609,3,10,314220
502,2,12,59572
4755,2,11,479601
4569,1,1,449093
1392,1,34,159549
2530,2,35,263876
3660,2,16,372703
2876,3,27,287847
2433,3,27,251166
1880,2,21,202990
4181,3,37,421619
1790,2,6,256786
2140,2,14,251038
3182,1,31,287664
1487,3,10,200664
1718,3,23,205527
1855,2,2,253997
4765,2,29,441970
4635,4,5,497188
2060,2,1,278106
1918,2,13,217215
1454,4,40,195617
1483,4,17,231863
1474,3,43,169831
4633,3,30,487979
4472,2,12,475698
1413,1,25,159840
536,3,43,74491
3887,1,11,368576
2211,3,17,266362
3520,5,8,394979
1295,5,48,182315
4536,2,20,471945
3611,3,47,346659
1824,3,48,192098
817,4,39,148002
2896,2,42,285207
2662,1,23,243000
3245,2,33,308030
2091,2,7,283426
3611,2,43,341193
4430,4,32,430034
2496,3,22,277306
1812,2,12,187533
1785,3,48,155689
4811,1,13,476015
2883,4,13,339374
3739,5,15,434154
2639,5,48,312556
2204,4,37,259050
862,2,38,120865
3104,1,25,303471
2216,3,25,276515
4951,5,0,577757
4786,2,31,453202
4238,1,14,411267
2969,4,20,344127
1056,1,17,132460
1325,3,29,165619
3308,3,12,380650
3219,2,23,318834
4008,1,29,362661
4241,4,1,485455
2074,3,18,267241
4498,5,46,494132
2629,2,43,273818
2903,1,46,271441
3829,4,24,424149
1088,3,49,126018
2512,2,13,288039
2047,4,5,288968
794,2,11,124532
2485,2,19,267544
3617,1,22,363188
2190,3,29,246016
1636,3,29,210268
2564,3,37,284682
4955,4,29,511677
1507,5,40,236246
3014,2,29,290926
4026,1,35,394775
1747,1,48,164431
4402,2,33,429582
1935,3,15,254020
1071,4,23,185069
2882,4,13,327897
1745,2,25,212676
2584,2,7,265341
777,3,13,183159
2387,1,30,238767
1765,3,1,264704
1540,5,47,211772
1417,3,3,212503
1385,4,0,217991
3252,3,19,335473
521,2,13,122713
3691,3,39,375020
2853,2,24,303757
1186,1,24,134890
784,3,2,166678
4247,4,4,458583
1262,2,37,130615
2928,3,25,308888
3007,4,39,314595
528,4,37,136835
1406,4,37,160539
3604,2,3,382145
4499,5,6,511597
3494,2,29,377929
3006,3,29,304776
4109,1,18,372578
4053,3,38,406918
1953,2,34,208172
3856,3,39,371985
1015,2,32,135752
538,2,32,102843
3842,3,13,419236
1386,4,37,188841
3344,5,9,422142
2704,2,27,280993
1598,4,13,231006
2323,3,35,263305
3701,2,37,327495
3655,1,15,368758
3593,3,20,370947
4030,5,27,411210
4278,3,32,427883
3396,3,5,369411
3953,3,40,353944
4011,2,14,388454
1488,4,43,215293
4616,4,2,489939
4526,2,42,420123
4679,4,46,433000
2182,2,34,262486
4463,5,13,490003
1433,3,1,203292
4098,2,28,410661
3733,3,3,445608
2480,3,25,268451
2355,1,11,239302
3556,3,1,437372
1292,3,16,183411
1291,4,34,174676
2309,1,9,211866
2755,3,47,272169
4110,1,21,364742
2107,4,40,231013
1484,1,42,104482
4176,5,20,478192
3880,4,14,396601
1019,3,34,105881
1090,3,47,114902
1550,2,20,210202
4133,2,20,399295
4944,4,20,500637
1459,5,43,206027
1192,1,31,126390
4399,3,4,486398
4973,4,38,482791
3446,3,8,374291
1026,1,17,172565
3724,2,20,373532
2753,2,7,309755
3844,4,43,381352
4465,3,33,391216
2375,3,9,301786
2263,5,40,299244
1020,3,23,176702
1516,4,39,182014
616,3,23,116642
2933,2,31,298390
1083,5,32,184305
894,3,37,138847
4288,2,43,396535
3268,2,48,293676
4667,1,33,424560
4360,3,10,471578
773,4,30,192198
2513,5,17,309224
4933,5,22,521976
1889,2,21,208825
4066,3,42,395745
665,1,17,118686
2067,4,39,235148
1228,3,46,107351
2543,3,40,281669
4697,4,46,456392
3996,3,38,382903
1278,2,19,155654
713,5,12,176806
4262,5,44,421944
2076,2,0,246037
2948,3,3,319504
3436,5,23,377177
3617,1,35,341800
1091,3,35,120873
3220,2,44,321637
1213,3,1,175683
1435,1,27,157273
4837,3,25,484874
501,2,22,111028
3348,3,14,377628
4544,5,35,467727
2449,4,26,283877
1417,4,5,235182
3674,3,34,371494
2741,1,38,246160
589,2,37,92342
2209,5,34,268956
2669,3,35,269055
4738,2,9,465119
3541,4,29,384940
605,2,40,66719
1386,2,37,173324
927,5,28,160164
2395,4,42,222496
816,3,38,128705
1134,5,49,113963
2425,3,3,279310
2556,4,4,366064
3644,1,3,390219
2770,2,35,291042
1939,3,44,186876
1052,4,15,178060
1215,3,24,191820
4411,2,13,450848
2213,2,10,276550
3889,4,28,439032
1607,2,33,188876
4706,3,21,447657
750,1,13,123920
2930,1,23,282210
2554,3,38,243254
958,3,25,162532
707,2,42,111332
1399,2,35,155224
3961,4,38,406853
3885,2,15,354916
521,3,37,115112
909,5,31,179343
1394,2,5,196994
1014,5,33,149045
4609,2,7,433766
2634,3,29,320568
4095,3,26,393882
3456,5,6,413975
2060,2,26,206463
1766,3,24,175109
2669,5,45,305929
4138,3,40,409599
1249,3,14,154326
3927,2,24,404944
2427,4,21,281616
4304,1,17,390953
4202,1,11,388302
2856,3,22,327042
2835,2,44,233547
806,5,38,125550
4165,5,24,457993
2489,4,9,316141
1161,4,29,155489
811,3,9,176289
3420,2,33,311064
1582,4,45,186716
3471,2,12,354498
1254,2,28,146922
4630,4,37,455634
852,3,40,115366
1402,4,44,172094
4388,2,8,440105
658,3,12,156066
2477,1,36,228161
1456,3,13,215615
2571,4,36,288012
903,3,8,168747
3279,2,7,364317
1887,1,38,159270
3953,2,39,380498
1455,3,2,212456
2212,5,46,240521
1773,2,39,197869
4311,4,32,430377
3125,4,31,345219
2882,3,6,283945
1941,3,18,251454
3479,4,33,412736
2297,2,13,259507
4890,2,49,432106
4509,1,46,384761
1894,5,45,241990
4781,5,18,504311
1769,4,25,242021
4214,1,16,434994
1029,3,27,165203
4123,2,18,405711
3458,1,26,307651
3414,3,47,321442
4091,5,18,448242
2647,5,32,287860
3869,3,6,436229
1439,1,28,163958
1025,2,42,97850
501,2,4,85759
874,4,29,162411
2840,4,48,264219
4505,3,42,429035
3552,3,7,381148
2865,1,41,273724
2025,2,11,253533
4976,3,41,453977
2146,2,12,263993
513,3,25,103394
2778,4,17,326071
3655,3,41,357185
629,1,48,101332
4314,2,19,421740
3716,3,15,362765
3438,3,36,331165
4428,3,2,482264
2540,3,26,274586
527,3,14,123264
2613,4,33,284729
1752,2,44,125421
4856,4,21,483555
2546,2,39,248218
4523,1,22,391204
4896,3,48,432340
3874,3,3,414569
3966,5,40,408146
3581,4,22,395084
4278,5,46,428446
1129,5,8,217802
769,3,23,120164
3139,3,20,341623
2493,3,40,285385
3391,5,45,364436
3932,4,15,421989
1780,2,24,185530
2860,4,25,324665
1075,2,48,109851
1807,3,44,205910
3692,2,8,351425
3678,3,14,387444
3234,4,38,346837
2712,2,32,274448
2852,1,0,301434
4068,2,4,414745
2155,3,8,248795
2079,2,43,211934
2703,2,5,311402
1890,2,27,182814
2242,3,44,246533
2425,2,25,244342
1119,4,27,165947
1774,1,39,202360
1456,3,14,230794
2439,2,5,255276
4453,3,26,419283
2881,2,37,261567
1468,4,3,259732
1816,5,10,256430
1543,5,20,205620
781,3,29,148769
3344,3,17,369530
1558,4,34,242146
4793,3,2,510659
3032,2,11,323946
4328,4,26,451228
1508,3,29,180226
1729,2,20,226463
1535,2,37,190523
775,2,20,93382
3240,3,37,342965
2789,2,39,250985
1739,2,14,254462
625,2,17,140031
4565,3,28,428940
4812,4,47,466921
4368,2,37,424755
1708,1,20,174953
3749,2,16,354870
1418,5,40,199362
4423,3,17,447686
4903,3,36,452097
2469,1,37,252714
3293,4,11,353503
1391,3,10,199293
4970,2,47,449322
2533,2,48,243266
1864,3,19,250992
628,4,8,149459
1514,4,0,191828
2299,3,2,281053
2018,4,20,270591
4681,2,22,448890
1698,3,8,227268
4373,3,18,454576
2974,2,44,291834
3985,4,45,362570
4549,2,18,444728
4219,2,22,408701
802,3,26,133322
4452,3,26,406764
1486,3,38,199525
2363,2,35,238976
4940,4,11,524349
3572,3,26,399207
3624,3,45,356863
1827,5,33,212976
2908,4,32,317224
4173,2,27,414452
3791,4,30,397254
4533,1,31,443827
1203,1,49,93047
1074,3,19,185902
3732,5,39,410523
3132,2,34,307017
4328,3,30,432843
3730,2,30,343451
988,4,37,144049
1847,3,21,237183
4181,3,44,394900
3673,2,40,345289
2167,4,8,302458
2137,5,8,262714
4614,3,14,477038
4053,3,12,457082
1500,5,21,220516
1350,1,15,139352
1888,4,31,226276
4212,4,1,439512
1867,1,25,197757
1321,3,13,190358
954,2,37,122427
2124,3,33,233577
3272,3,7,368246
4226,2,35,405318
3647,3,20,359437
4589,2,45,422294
2690,3,42,299317
1416,2,27,150648
4486,4,45,442859
3375,1,43,323579
1940,4,47,197709
4900,3,5,519861
1235,2,19,158178
4068,4,30,437984
3838,3,32,367989
3515,3,43,342012
3389,2,6,333532
1461,3,7,218656
3489,2,8,375042
4348,1,1,443114
1526,3,16,214358
4365,1,44,381585
3363,2,36,296057
3001,1,41,288742
2447,2,43,235703
1677,2,16,210427
511,5,37,120701
4899,1,34,475872
3864,3,46,358022
3522,2,38,322860
3871,5,29,391125
3330,1,5,344082
542,5,3,200921
1443,3,36,176705
2890,1,34,273938
3045,4,8,376742
2911,3,5,339352
1504,2,12,215027
520,4,21,153259
906,5,27,158936
1514,3,29,163142
4931,2,35,469547
2338,4,1,313337
3688,3,35,347654
1214,4,7,192585
4646,3,44,424849
4354,2,41,403544
4919,5,49,502267
640,2,8,143760
1463,2,0,218589
872,3,12,149462
4135,3,49,427637
3041,1,14,307282
4110,4,31,415151
2192,3,33,217130
605,3,42,89769
2181,4,30,267282
4597,3,13,441592
4516,1,46,376485
3136,2,13,322547
2637,5,47,278787
3916,1,28,348818
4945,3,46,480368
4030,3,18,386237
1786,3,26,218766
3679,1,8,377458
4154,3,36,396176
2859,3,36,290729
944,5,42,154110
535,2,27,104492
1975,3,23,262827
4457,3,27,418324
2298,3,35,231837
2345,3,17,258338
1908,2,24,213153
2208,2,34,219683
3438,4,3,410625
1800,3,13,220583
1743,3,38,181566
4476,2,25,416723
3597,2,7,379427
509,1,23,98015
2925,1,15,294825
2160,3,19,245753
3131,4,14,340776
1572,2,6,232729
3725,2,16,345727
1816,2,21,205810
4645,3,21,477940
4183,1,11,403757
3773,5,17,415111
645,3,45,105466
3540,5,46,351011
1962,4,14,228635
2084,3,36,235296
982,3,15,142556
3679,2,4,390285
1749,3,1,240246
1130,5,27,193348
1161,1,40,111597
4003,4,26,428982
3352,2,30,316256
2966,4,40,328172
1487,5,35,187477
2046,3,46,234817
1149,3,42,179194
1468,3,0,221726
3137,4,49,346090
1600,5,28,260311
940,4,0,184123
1269,3,7,195326
1843,3,15,219000
4858,4,27,477037
4229,3,21,433456
4406,4,17,434665
2077,3,21,261371
4508,1,40,403191
3851,3,11,421398
2849,3,18,312288
4102,2,24,411975
1741,2,49,173642
1625,3,4,237455
3101,1,33,305215
1690,2,38,155280
4631,4,9,480179
4948,5,46,532046
572,4,6,155150
2414,5,36,256087
2972,3,46,261617
3546,2,14,363260
1207,3,41,138980
2304,4,23,263725
4213,3,25,455381
3064,1,25,288795
2975,4,45,323652
4110,1,25,388852
4755,3,9,483066
3323,2,16,322703
2235,3,13,283221
2085,3,1,228826
566,1,47,72382
3561,3,12,386008
2928,3,26,323814
4653,4,8,496044
841,4,6,152066
3274,3,47,324117
3317,4,9,396425
3161,2,8,330460
1732,2,21,213853
4374,2,22,430727
2901,3,6,342494
1994,2,47,177618
4711,1,8,478913
1161,3,26,167813
4383,4,23,469925
4119,3,28,404528
2368,1,16,264761
2834,3,19,305495
3874,3,6,401038
1516,3,42,205353
4906,2,39,407502
707,3,6,201713
3165,4,27,359256
2993,2,18,307138
1132,5,19,204289
2602,3,43,277211
3459,2,38,322430
3583,3,39,389389
2431,1,6,290995
4219,2,5,481697
3062,3,24,304484
2179,4,40,251090
736,5,12,148193
4943,3,38,449908
2040,2,39,200727
4443,3,21,441907
863,3,48,117413
2868,4,16,332588
785,4,47,134724
648,4,21,145620
4537,3,33,470700
2266,3,7,294128
1512,2,48,129698
3331,5,44,352716
3007,2,17,313790
2023,1,23,217273
3285,2,41,329380
3056,4,1,373646
4225,3,1,463331
2101,3,26,221968
2908,5,13,348314
840,5,47,105581
3317,2,38,324300
2996,2,11,336606
2225,4,31,238183
2189,5,27,281517
3767,3,27,380953
4906,3,45,488401
761,2,24,99786
1942,4,3,287996
905,3,25,162500
2690,3,35,278140
4937,1,49,431109
743,5,2,205149
4607,3,0,466803
1060,2,16,143211
4637,3,6,485297
3225,3,47,349877
1093,3,4,175909
2326,4,18,281274
3729,3,38,394212
3787,5,45,404828
4573,1,33,453390
633,2,34,112683
3638,2,48,329001
4419,3,15,447426
572,3,39,81977
4994,4,49,452199
4725,4,46,462559
3478,3,38,356314
4861,5,26,520438
2485,2,40,241002
1292,4,37,210162
4759,3,49,416262
594,3,49,60199
1633,4,24,205251
737,3,25,127752
3446,2,13,337561
3030,3,13,361194
2460,3,13,275198
1548,4,24,196264
3029,3,35,329456
3464,5,3,419573
1463,3,46,178279
1036,3,14,165403
4723,4,31,479146
4179,3,17,404011
4687,5,13,505133
4224,3,0,435174
1042,3,41,169549
1345,1,19,179795
4103,3,9,421184
3536,2,9,366023
2994,4,23,334002
4985,2,33,502896
3219,2,27,328350
2384,2,26,243738
4638,2,39,430070
4849,2,0,464499
3701,4,32,384858
3210,4,3,359793
2453,4,6,278047
4350,4,8,505908
1189,2,15,162579
2450,4,4,299561
956,2,33,91110
2630,2,22,273169
4476,3,42,422374
4744,2,49,438210
1679,4,24,206745
4785,3,12,477717
4065,4,23,411282
1382,3,10,196545
899,2,16,101341
1108,4,36,146504
2138,2,12,258664
2648,3,26,266821
1882,1,19,220161
1903,3,32,234075
1319,3,41,175141
3792,3,31,380038
1319,5,7,227015
919,4,28,160267
4719,4,39,488079
3802,4,18,433696
2008,2,5,214759
1267,3,43,135357
2544,2,38,231669
2639,2,47,260996
3529,5,40,364737
2049,3,20,241503
2264,3,21,292983
3145,2,41,318300
4216,3,9,467331
4981,1,9,464679
2793,1,28,218919
3208,1,15,312560
1400,3,0,188080
3584,3,16,345447
2509,1,29,263781
741,4,25,126931
2885,2,45,256706
4768,3,18,472096
1171,5,20,230171
663,3,16,129245
964,4,45,155068
3542,5,39,373593
2942,3,20,292621
2855,4,40,283257
4778,4,39,469261
3057,3,44,303982
1045,2,48,120993
4335,5,18,481651
1093,4,6,211907
4304,2,16,412795
1959,3,0,294404
3993,4,36,440742
3101,3,5,343215
2944,3,25,300949
3172,4,1,346293
4700,3,31,460376
516,3,47,90603
3691,4,4,408507
892,4,36,147709
924,3,30,112559
1071,3,11,190253
4131,3,34,395777
1620,5,29,233097
741,2,47,90367
4397,2,5,412457
4595,3,14,483787
2779,4,14,315295
1288,2,15,175125
1214,2,19,135012
3349,1,12,326636
1275,4,43,173313
4526,2,41,396082
2747,3,45,256053
578,3,30,110381
4426,4,33,443594
1355,3,28,182862
2648,2,2,296059
1531,3,8,227081
3771,5,10,423329
4076,3,10,440207
4682,5,24,477847
3956,4,21,410062
4006,1,41,369462
907,3,45,108836
3211,2,8,322252
3588,3,19,408322
2168,2,20,239647
647,2,9,132681
4827,5,21,469377
4397,2,28,444117
2450,4,8,356282
865,1,4,156084
2174,1,39,227914
4994,4,10,515132
3046,3,0,358442
1062,4,41,159855
4062,2,0,412713
2989,3,38,301231
1272,4,45,146102
2537,3,4,298725
3923,3,48,385991
3067,5,21,328711
2073,3,25,258360
4194,5,5,447097
3791,4,31,395979
1746,4,47,204591
4219,1,10,421925
4339,3,9,449765
859,4,46,109010
2876,2,38,282181
3509,2,33,377770
3493,2,30,340645
1462,2,11,175205
4132,5,43,416211
2327,4,15,292499
2113,3,37,225369
2140,1,2,237163
2716,4,1,363553
4812,3,4,508531
877,5,10,185411
4714,3,24,464894
4785,2,34,449042
869,3,34,138150
2696,5,21,352041
4247,3,36,405380
1151,3,21,149735
1269,2,10,165855
2921,4,31,305324
1280,4,34,150531
2216,2,30,257750
4483,3,44,438637
1811,2,7,184431
3859,2,19,389138
1022,1,41,95888
1021,2,33,118258
2820,3,3,286342
1435,1,17,166120
2730,2,3,309834
4540,4,19,451915
4197,3,8,471354
3337,3,15,374889
4583,3,25,435360
2961,3,37,320699
3743,2,24,360975
3859,4,3,453406
1185,2,40,106752
2660,3,44,271361
4488,2,40,391587
4566,4,37,438637
2067,3,18,214325
538,3,13,102909
3044,2,20,292414
1756,3,14,202883
3490,5,2,422645
2696,4,36,264168
3968,1,49,348858
3208,3,45,331786
801,5,15,159082
1146,3,13,175280
2259,3,8,271373
4851,5,46,474727
1097,4,6,150046
1161,3,13,157802
4830,3,5,525855
1868,2,20,220609
3081,4,14,350740
4368,2,7,406506
4037,2,33,394222
4808,3,39,440470
782,2,0,124195
4178,3,31,392459
1986,3,48,215401
4582,3,4,478392
4683,3,29,473817
960,5,21,201662
2825,1,19,269014
4254,4,15,452821
2968,5,6,364625
2224,3,6,252327
1876,3,49,173737
3243,5,49,338899
1014,2,1,163962
1202,3,46,140982
2153,3,13,261445
2566,2,30,247422
522,4,49,133755
2960,4,40,317772
1804,4,13,237380
3800,2,4,405441
861,1,10,110862
4227,3,39,407976
1784,1,4,219052
1014,3,28,157506
948,3,10,140948
2355,3,4,344898
4062,3,48,403942
3020,3,31,351085
3581,2,35,337774
1928,2,14,231522
4467,3,18,453751
1422,3,21,180822
3637,4,33,393181
2659,4,16,300909
3047,5,11,383363
3479,2,24,337949
2781,1,16,289367
3149,2,9,363174
813,4,27,144310
3113,3,17,353249
3583,4,17,384994
2756,3,44,255195
1537,5,31,248356
3989,5,13,461923
3134,1,15,310970
4483,3,49,429790
2278,3,17,249934
4395,2,15,443535
1624,3,16,217746
1197,3,6,201254
2679,2,11,324066
1904,3,33,243308
1543,3,9,190355
2429,1,4,230750
1513,3,20,204027
726,2,2,142358
2328,4,18,265829
2523,2,44,224361
2952,4,43,295453
2585,3,34,297955
4783,2,5,472050
1580,3,13,186630
2820,3,3,329940
3690,3,44,355800
3130,3,17,322071
3063,3,28,332381
3792,2,34,381990
4086,1,37,361513
4931,4,15,484064
3447,3,19,360267
4459,3,23,451845
3313,4,34,311962
3083,3,43,314122
661,4,18,137835
1093,2,3,170091
3759,1,32,340901
4655,5,1,505913
3462,3,12,372872
4388,4,44,421019
3890,2,29,369413
1163,3,33,138407
1632,4,29,223581
1041,1,23,148147
3474,4,47,333171
1367,3,43,157492
2566,3,32,254996
931,3,40,133119
4778,4,48,462566
1706,1,9,188788
3028,2,17,315490
1669,4,18,245839
1330,4,6,186917
2151,1,18,202982
1636,3,23,216933
3310,3,14,360530
975,3,40,128611
3310,2,41,329123
1826,3,22,236489
1519,2,3,236386
2336,4,37,280268
4756,4,3,520123
2948,3,4,339808
4793,2,40,436810
1783,2,43,179896
1159,3,22,171128
2510,4,39,254828
898,3,36,132874
2233,3,10,268425
2625,3,10,312551
2671,2,12,282236
574,1,13,86320
3971,1,7,398287
1336,2,24,173350
999,3,17,148644
637,4,43,136290
2597,4,43,302767
4196,2,17,387778
2385,2,9,257938
3257,2,6,351736
4420,2,49,403573
2400,3,43,285782
3110,3,13,346286
4486,2,14,442414
1949,2,15,207180
1046,1,1,124172
2503,2,29,255548
2596,4,29,332892
1203,2,17,158043
2903,3,30,291845
2125,3,43,232162
3831,4,47,343134
3478,4,12,392657
3339,4,19,385853
3884,1,48,320483
3159,3,49,329354
2361,4,34,281759
3356,1,22,348662
1185,3,41,121751
4783,4,32,474902
2119,3,37,247313
1931,1,34,161373
1375,1,35,156922
2961,3,19,320647
1865,2,2,253038
1743,3,7,238669
662,4,39,144864
2474,2,31,229835
3791,4,28,404558
769,3,6,125956
1131,2,1,182486
1405,4,20,211325
3971,4,5,436403
3753,3,27,367496
2514,4,47,261433
2141,4,41,244542
704,4,35,132955
1081,3,31,184466
1340,4,44,186821
2219,5,41,253850
3143,4,45,333583
2797,2,8,324008
1374,3,10,187982
1189,3,22,182303
4500,2,49,376938
3641,5,10,410021
1922,2,48,160133
1171,2,1,174535
1671,5,2,256109
4226,3,10,435064
1443,1,49,143533
1949,3,34,221495
4237,3,14,452750
3039,1,42,302189
4459,5,10,529718
4760,3,30,461083
2861,3,27,315410
4152,3,27,412734
4170,3,31,430505
2253,2,24,257459
2852,2,19,287730
2438,3,27,260589
870,4,24,180098
4979,1,10,466329
2431,3,18,278022
924,4,27,168290
1394,2,0,195509
1097,1,4,181056
3562,2,9,390565
2836,3,41,270944
2187,2,45,201355
1072,3,33,157096
2590,3,35,272213
4169,3,1,413234
4772,2,17,447744
2133,3,12,266118
2017,4,4,292674
4793,5,19,525892
3157,4,1,412476
4148,3,10,423133
4088,3,29,396094
2037,2,31,215489
3637,2,31,321777
597,2,49,71889
3715,3,37,362855
4250,2,27,423100
3657,2,9,397352
843,5,21,177885
1110,2,16,155201
2227,2,21,250647
2790,1,42,237479
2354,3,18,272001
3108,3,16,340281
2579,3,23,285263
2824,3,35,289961
1677,4,31,204162
1591,4,45,172774
3291,5,35,359043
2249,4,27,279463
3175,3,13,318001
1281,2,35,137933
3548,1,5,397823
2605,1,8,273351
4367,3,20,444919
2613,4,11,352002
4470,3,29,445899
2491,1,30,246895
1567,3,39,165012
2077,5,3,303575
1511,3,30,187168
2774,4,26,331238
2314,4,24,300881
2926,5,4,369455
4902,4,5,527547
3051,4,4,330517
4157,2,26,361903
507,1,7,119372
3055,3,8,300166
975,2,14,151967
2711,5,35,310309
984,2,40,137804
2785,4,6,338891
4025,3,31,432365
3839,2,7,394244
3322,5,46,372804
3424,3,14,342271
758,3,36,74793
782,2,18,124362
2398,3,38,228019
4635,2,5,466896
3476,3,18,361422
2767,3,27,308687
3700,4,16,386141
1112,4,41,162963
1187,3,18,189846
4190,2,30,396447
1112,4,10,201128
2807,2,14,284180
3513,3,9,375917
2281,3,42,214327
3091,4,22,388432
3196,3,2,386378
4458,3,2,501412
1074,3,17,187749
2410,3,24,259113
4104,2,42,350818
1169,3,19,163931
4864,4,28,498395
1783,5,21,246130
1423,3,49,116928
1625,3,14,229772
2029,2,38,178097
2094,4,9,269587
746,4,20,180798
4211,2,28,405218
2060,2,31,237279
2900,4,9,351942
2743,2,12,280594
4364,2,46,408867
2439,2,22,259776
3569,2,49,297820
726,3,22,100544
4047,4,30,424893
764,2,3,179884
1895,2,48,164102
4057,2,2,405219
1145,3,20,175485
3490,2,1,351799
2399,3,3,337687
3004,4,0,349757
3272,1,14,317339
1654,1,32,152708
1087,1,5,168220
2321,3,6,324005
1485,4,18,201966
4579,1,43,418213
3848,5,0,428573
4331,2,38,419801
1741,4,18,268035
689,3,44,126907
1480,3,25,193190
2198,3,43,211639
2215,3,11,270088
3093,4,21,342108
4636,4,12,481619
4933,3,27,485622
1598,2,13,199032
2826,2,21,307751
3747,4,29,406553
1395,3,43,160844
2174,3,19,264770
3409,3,43,356949
1430,4,26,190781
4884,3,37,466026
1223,4,41,146244
3440,4,40,363037
1589,3,33,194038
1435,2,38,164670
2795,4,40,281775
655,3,43,112855
1570,5,36,217086
2458,1,0,292460
3001,1,14,295405
4719,5,31,501198
4330,3,7,462660
1354,3,32,199133
1139,4,17,184321
2738,3,44,264942
2102,3,28,231181
941,1,31,87835
1836,4,32,218604
4200,4,4,420069
1448,2,17,207317
3873,4,47,417617
959,4,9,178058
892,3,35,136705
4438,3,32,436782
2287,3,22,239359
2757,2,39,286017
1638,4,4,265588
4308,4,33,417842
2954,3,23,324428
1966,3,16,238180
4174,2,30,420208
1877,1,6,215853
3097,3,16,338040
641,1,27,119860
3159,3,37,295977
1339,3,21,188079
4118,4,14,444825
4417,2,36,401379
1095,3,14,207991
2404,3,49,246597
780,1,49,84591
923,1,24,129317
4865,2,20,463749
4749,4,37,491616
2250,2,1,288779
2467,4,26,286297
4588,5,48,474268
4678,4,31,492748
3446,2,20,363221
1949,5,3,272031
2831,1,43,252372
2720,3,18,313156
4289,4,1,477903
3310,3,25,332936
2031,3,33,222876
3490,2,13,367383
4993,3,14,475439
1643,3,19,212202
1433,2,33,174744
1960,5,35,254692
3223,5,18,361920
3012,4,8,344152
785,3,6,181290
764,3,29,108262
2867,5,12,375637
3947,4,26,403111
2262,3,43,256013
3548,2,34,350519
2881,1,12,289220
2769,3,14,281767
540,3,45,94074
567,4,8,151863
1487,2,44,161045
4508,2,22,446489
3698,3,35,343675
3024,3,39,312318
1585,2,2,225690
2979,3,33,321768
2193,3,18,237249
2815,4,27,337652
1278,3,22,184946
2085,2,39,220424
1992,3,48,190597
1160,4,44,169427
1848,1,6,183849
1799,4,40,199647
4440,3,11,481998
2486,4,13,318464
2544,4,45,277487
4016,2,14,421546
1558,3,2,243267
1476,2,14,202302
1227,4,23,182781
3027,3,45,282490
3636,3,7,383718
842,4,4,202160
1947,4,3,248936
2879,2,13,317949
4159,3,15,439377
1026,3,19,185835
2396,3,23,279872
2573,3,5,300086
905,3,30,128590
2073,2,5,250100
4240,4,34,449988
4774,2,14,483507
4727,3,28,443652
2346,2,2,282025
1978,1,10,235984
2895,2,2,319405
1271,3,27,131755
1078,4,9,187293
3401,1,49,268552
693,1,32,55922
2507,5,47,300867
1685,1,15,235603
2894,4,9,369747
3498,2,32,291939
2292,4,35,259705
1610,2,2,203835
4505,4,4,461648
2761,4,11,339852
4236,3,43,400133
4293,1,12,394551
2436,4,23,252445
4857,3,43,445284
1229,1,31,132407
4878,1,15,459498
3951,4,31,427765
4957,2,44,454628
2640,3,36,269996
2144,3,35,220529
3300,4,20,334623
641,5,46,104642
1955,5,11,302424
2596,2,20,292224
1825,4,20,246322
1713,2,42,166311
1659,3,5,252353
4999,3,8,492114
840,1,0,118405
4328,5,11,477997
2468,1,13,219883
1203,3,5,172544
4913,4,0,523352
2929,4,21,325462
2300,2,33,218111
1355,3,10,234812
2312,4,2,328658
3366,2,41,347772
4142,3,5,439287
682,2,5,123175
3612,3,19,408049
4992,4,20,511853
2017,3,1,246156
1856,3,25,204921
2674,3,30,280450
4129,3,25,415568
4128,1,31,380146
4596,2,9,456555
3739,3,22,428527
4191,3,5,420878
518,3,22,124738
3903,2,27,370760
3504,3,48,334541
1632,2,29,200848
3839,5,13,403625
3811,3,36,358709
3872,1,31,354514
1487,1,48,160367
3821,5,33,436662
673,2,40,112196
4241,4,43,379404
3552,1,21,322824
1226,5,30,175054
4260,4,6,463905
2375,3,40,215520
4533,1,20,446067
1489,2,15,152666
4244,3,19,451525
3186,3,42,331085
919,2,43,86816
1093,1,46,125420
2274,3,49,223492
2959,3,18,314246
1435,2,47,137988
4308,1,31,387937
831,5,14,174448
3949,3,4,421887
3202,4,10,354144
4506,3,14,449362
4368,1,28,392391
4700,2,49,450809
701,2,44,76504
2997,4,3,349708
2342,3,48,263763
2366,2,35,233313
2496,5,47,264735
1409,2,22,153439
4805,5,14,491062
3689,5,45,394306
1270,2,43,103871
3655,2,2,412509
3001,3,31,311241
3214,3,9,349522
4085,3,39,391314
2128,5,37,269815
886,4,21,151652
3921,2,13,394233
4508,2,16,462935
4593,3,20,467649
4863,2,47,414455
2966,4,14,332570
2782,2,14,267604
2356,2,0,291334
2498,1,23,262725
1736,4,11,227541
4644,2,9,505427
1650,4,45,240131
4818,3,41,455740
1931,4,41,210582
2319,3,30,261043
2824,1,10,278261
1630,4,15,247650
3158,1,8,326824
4000,3,46,384088
874,2,13,170354
2620,4,18,299957
4520,5,30,462778
2521,3,8,315135
4205,3,35,402829
3759,4,38,412783
3935,1,25,387483
2389,5,7,312980
2323,2,23,217246
1974,5,7,258249
2742,4,18,312798
3743,4,46,380239
3634,3,47,367330
2570,3,29,274738
859,3,21,126815
2541,1,8,268851
1641,3,43,183251
2135,3,47,243564
4500,4,3,511389
2443,3,36,241420
3861,1,7,392958
3480,2,0,360430
506,3,27,90749
3767,2,5,412891
2091,2,46,198947
3764,4,35,399457
3106,3,10,356635
3719,3,4,404884
3773,2,49,347898
1413,4,23,206174
2511,2,46,217526
1942,4,17,263441
3554,1,19,331582
4046,4,27,402266
4721,3,12,497268
3428,3,4,370936
2329,3,29,278157
1075,3,0,206145
1429,2,21,167683
4259,4,17,470845
4199,2,45,375907
1963,5,4,285823
3775,4,30,403763
1554,2,5,242799
2400,4,26,299736
1957,3,24,231504
1899,2,28,209674
3915,5,27,396878
942,3,15,175156
4150,3,11,450702
1678,3,19,219932
4958,2,17,493949
1757,5,33,198291
4134,2,22,385518
2341,2,44,258611
2809,3,26,297925
1410,3,48,170883
4840,3,16,473760
4509,2,47,398905
2669,2,20,316249
2672,2,49,245485
623,5,39,140579
3658,2,30,357278
1285,4,2,221260
2916,4,16,342480
1296,4,49,125763
4672,4,25,485707
4654,2,22,439512
2436,2,5,313092
2656,3,27,274452
4307,2,7,429206
1801,4,44,254315
4663,3,7,495976
3640,4,18,380098
3736,1,37,341335
2852,5,28,311852
2432,2,22,264956
3221,3,46,299106
864,3,31,164807
2890,4,9,352425
1446,3,26,196205
1877,5,48,244040
1939,5,0,308924
3680,4,38,364796
840,1,28,104509
3489,4,44,345746
882,4,2,220263
2056,2,46,158425
799,2,36,94363
638,2,30,96790
858,1,10,128394
2022,3,21,243767
3956,5,17,440029
2127,3,34,232071
1803,3,5,246598
1634,5,2,269797
2686,2,4,335742
3670,4,8,444423
4335,3,27,436492
2651,3,18,289818
1737,2,27,187588
4235,3,26,400121
3334,1,12,351148
4760,4,37,469394
1498,2,42,164800
3067,4,20,352702
1807,3,26,204837
1156,2,45,109480
3160,3,5,349447
2711,2,37,274778
2409,4,48,255711
4230,5,10,440774
2546,4,46,252775
3662,1,40,323457
1640,3,16,214652
766,3,38,123788
2345,4,6,302831
2208,1,29,211351
4130,3,20,414902
3711,3,0,414061
2793,2,24,296129
4232,2,31,396583
4329,3,7,435166
2010,4,4,274275
975,5,29,161377
1476,3,7,217236
1707,3,48,209148
2460,2,18,243171
1057,5,43,183957
1382,5,29,216112
2694,5,14,357041
3167,4,35,329351
2110,2,43,181721
3988,4,26,421014
2954,3,12,356884
4994,2,13,469800
2446,4,36,258324
3308,1,47,300349
4325,1,29,388605
4036,3,38,422449
4302,3,46,417207
4677,4,12,480198
2470,2,15,261786
4322,2,43,386318
3319,2,6,354142
1402,1,47,133250
864,1,26,111405
4758,3,44,426385
3619,3,34,378048
3058,4,14,347908
2363,5,27,276759
615,3,34,98140
2884,1,6,321197
4435,2,49,401600
2990,4,45,315146
1442,3,49,137710
2224,4,45,247420
2834,4,19,346045
3267,5,31,333041
1637,5,37,212743
3027,3,39,316712
4617,2,31,438093
3920,5,25,409861
4406,3,38,431078
4137,1,19,372831
3453,3,17,352489
2867,3,49,266168
4721,4,14,522265
776,3,21,105705
2499,2,21,238488
1727,5,20,252894
4252,4,1,472106
4235,3,39,399716
1195,2,42,131423
1809,3,17,209203
4652,3,22,465678
3734,1,12,371762
4614,2,40,446054
2811,4,8,373666
3341,3,48,316567
4708,3,6,465060
4059,2,40,383944
3898,3,0,423921
1041,4,1,194079
3194,2,3,318890
1588,1,13,186155
3863,3,31,393766
524,5,35,145421
2072,3,1,260821
3458,2,39,312273
4736,2,49,414517
2267,4,13,303901
2735,2,19,314624
700,3,24,145877
3698,3,41,371788
756,2,48,86080
4247,4,7,464822
2741,4,27,315436
3675,3,45,348836
4106,2,20,421015
3836,1,22,334910
913,3,31,108985
2514,3,7,270508
1881,2,30,189445
1598,1,36,181861
3926,1,15,359308
4155,5,39,410636
1409,4,41,165708
687,5,26,172130
4544,2,39,445275
4256,5,40,457031
2515,2,17,292761
2592,3,34,304254
4144,4,48,372303
2630,2,14,264702
857,3,26,124031
2922,2,16,311037
4757,2,39,439353
1997,3,1,265634
2658,3,48,278345
3055,4,49,276353
2842,3,30,298044
3451,3,36,349915
1738,1,40,158870
1473,2,40,160609
4465,5,33,483324
1550,1,33,158269
4201,3,2,488165
3280,2,16,356715
2088,4,13,276670
4378,4,13,475597
2868,2,45,283159
936,2,37,145497
3328,3,34,358217
2056,3,0,279015
4358,2,47,380914
1804,4,28,237208
2884,2,3,331960
682,4,32,143571
2089,3,16,240154
2087,2,27,238280
1159,3,49,149124
659,3,25,99237
4453,2,7,428479
1511,3,33,203959
552,2,17,91126
2807,2,30,310274
1728,2,26,190659
1535,3,15,214402
4202,2,9,432423
4545,3,39,421664
4949,3,11,527493
1764,3,21,214736
2384,4,15,295698
2309,4,11,257386
3667,3,10,370639
4297,3,19,457733
2841,2,0,321385
3914,4,26,400949
1317,1,2,164294
2937,2,11,326319
1388,4,29,215866
1167,1,8,144483
3124,2,36,322065
4732,3,0,494338
1318,3,41,166841
2688,4,48,248929
1606,4,3,214043
2724,2,14,309501
697,1,26,97993
3171,3,7,363401
3992,2,22,373502
2948,3,14,321179
970,2,26,101149
2448,3,30,251825
4399,3,38,422903
2510,3,46,259050
4300,3,7,439267
4618,3,29,462668
4296,2,41,395270
4488,1,17,422013
734,1,3,125295
1428,3,46,198973
4107,3,42,390796
1022,3,21,173810
4023,2,2,429388
2129,3,14,254698
1816,4,34,195654
3357,2,46,298854
1624,2,37,175014
3087,2,32,302109
1523,3,13,232194
1878,3,47,185026
3874,2,0,406647
2019,3,48,218669
726,2,25,106703
1391,3,7,222361
4572,3,49,405243
2757,4,15,298989
3288,1,37,294924
896,4,9,174081
2578,4,41,283855
4924,2,36,457832
3737,2,25,360293
4393,3,27,408861
2505,4,11,307588
2516,4,19,282353
3671,3,48,350705
3168,4,13,343736
2378,1,45,219955
1696,1,34,198382
2272,5,28,271452
661,4,11,130213
4476,3,17,475661
2251,4,43,281541
1275,5,1,209754
1439,4,1,229467
3720,4,16,415761
1039,4,9,182830
1961,2,17,194755
855,4,21,132762
4104,2,18,384419
3823,4,0,416233
734,3,23,131353
2048,3,35,246839
2596,3,24,262425
4713,1,35,409458
2601,2,30,245105
2173,5,30,278896
2600,5,1,330005
4157,2,18,393552
4096,5,11,431212
4248,4,9,484754
3673,3,30,410617
2315,1,44,210490
4341,5,21,495525
2505,3,22,271320
4993,4,22,507988
1174,4,14,204712
886,4,25,141778
2658,3,2,315659
3161,2,22,317193
2564,2,19,283019
4351,2,44,398152
3753,1,39,324111
4766,3,38,449093
1239,3,7,211980
1901,4,17,261064
3759,2,40,359828
2777,3,5,365653
4404,1,26,387782
4423,1,35,411730
4714,1,14,449876
3727,4,36,389783
3331,1,4,346616
4258,4,38,413702
3012,2,8,307789
2651,4,6,328131
4175,4,40,402795
3245,5,19,371372
4366,4,9,484676
4264,5,25,435356
2722,4,3,334319
3292,3,37,349401
2197,2,23,230015
3962,2,13,427620
4563,2,40,391940
2024,3,0,299788
532,3,16,121343
4525,4,44,417909
3066,5,23,373007
3303,3,26,352310
4396,3,6,486338
4209,5,8,445516
1219,2,42,113484
1472,4,34,208180
4218,2,11,471221
4902,3,20,498024
2707,2,2,320836
4926,4,14,498207
4820,3,20,477426
3530,2,9,358092
4075,2,32,397017
3616,3,45,365091
3785,5,5,444067
1143,4,1,220272
694,3,28,119872
4496,2,39,439203
988,3,32,125072
2704,4,3,361726
3157,4,3,361854
3776,2,28,367654
1602,4,36,181472
1741,3,19,229292
1015,5,40,165641
892,5,22,187715
1130,4,44,122041
4216,4,17,450369
2347,2,48,229157
3155,4,24,331580
1479,3,0,230309
3902,2,14,353520
4371,3,33,424635
777,4,47,145069
732,2,19,116965
2052,3,36,213276
3770,3,26,383086
2909,1,21,288847
4012,2,4,432354
525,4,33,117362
960,4,38,159716
4264,2,2,441696
3931,4,16,411447
3983,4,23,395721
2494,3,23,286080
990,4,2,147267
1572,5,44,174046
3673,3,6,374840
715,2,24,124838
2223,5,2,284738
2092,3,14,264482
3106,2,28,291834
658,3,49,89493
3813,3,28,384378
3341,4,9,380278
2276,3,31,239620
2552,2,22,242325
2795,3,38,287457
2196,3,8,282097
3493,2,36,345930
2969,3,39,302037
2446,4,13,306946
4309,1,3,413785
3283,3,19,359345
4144,2,27,407268
3000,2,13,314039
4145,3,43,396590
3145,2,33,307242
2849,4,12,345982
2432,2,30,222931
3794,4,32,365943
2257,1,38,184032
1616,5,27,221954
3067,3,24,335090
3999,4,31,372287
992,2,8,156412
3806,3,27,407597
1119,2,30,144031
3732,5,16,386679
4323,3,22,445434
2880,3,12,329761
2046,4,9,266942
4063,3,15,425626
2105,4,5,257799
4252,3,47,400937
2390,4,10,309764
1775,3,2,231002
3243,3,27,329780
2993,2,40,276187
856,4,14,157404
1369,3,12,182022
1385,3,41,149653
2501,5,44,294074
1783,1,16,165986
1119,4,6,201208
1382,5,27,219324
1296,4,37,151411
4142,4,12,446291
3925,3,16,392927
1796,2,14,236313
744,4,35,127538
3395,2,27,362691
1429,2,14,208465
1019,4,45,148146
3712,2,10,422088
2909,5,30,307924
507,4,3,175512
3025,4,34,321499
3923,4,33,401574
2519,4,26,284612
4782,4,9,479569
4167,3,29,424647
4171,2,44,359402
3301,4,19,357147
585,4,28,116283
3615,3,28,386595
4732,1,22,439493
2968,3,49,244492
4119,1,20,374932
2136,5,47,222041
4083,5,42,430699
4509,2,9,431172
3826,3,40,361304
2718,1,11,314336
2717,4,29,317606
2869,2,32,264502
4138,3,17,441180
3003,3,13,321734
1443,2,21,192260
3337,3,20,347223
3160,2,0,331319
3436,3,48,310497
4944,1,42,440017
4447,3,14,472629
2176,4,35,259663
1696,4,46,191172
4605,4,21,443872
3287,5,31,355686
1961,2,45,170148
3818,2,32,390764
1166,3,40,138937
2676,4,38,297266
4243,5,22,453069
1100,1,42,115834
3152,3,1,374647
4922,2,1,539082
4324,4,37,424933
4406,3,28,454685
1479,2,45,156717
2951,3,2,333028
1128,3,38,136158
2129,4,6,292241
4196,1,35,374321
3930,4,28,412338
4174,3,36,418553
4429,4,48,473780
3265,4,35,346109
4869,2,22,447157
615,2,44,86638
2503,4,15,296042
1192,2,47,159004
3662,4,30,376321
1605,4,33,207156
3508,4,49,360592
2661,2,0,315028
653,2,17,140128
4199,3,39,417129
4910,1,42,474123
4286,4,14,465600
1564,4,47,209923
4700,3,48,428453
2413,4,16,331451
1716,2,43,168001
2901,2,9,342533
2272,5,19,311374
2460,5,5,329300
3280,3,7,392322
3371,5,44,358519
1160,3,33,178630
3135,2,31,316079
2829,2,41,264475
4454,5,3,505754
2950,2,43,279763
1632,3,49,166954
1199,3,38,155508
2538,4,19,310196
2679,3,23,250933
3338,2,23,345154
1373,2,25,180044
583,3,24,141884
1922,4,35,209121
3175,3,6,339359
3680,4,9,415766
4816,2,46,421327
4475,4,11,455759
1891,3,0,248293
3718,2,49,330753
4707,3,24,448013
1114,4,15,168288
3471,4,4,398051
4065,2,18,377849
4076,4,3,426495
770,1,5,125737
4566,1,25,450211
2968,3,48,302874
1890,3,38,232057
3854,4,38,359498
4635,2,8,439020
4107,1,44,361486
3083,3,13,356506
4573,1,47,408789
3575,1,8,335080
4406,2,14,458152
789,3,36,117400
2980,2,49,288499
3752,3,19,380228
778,1,7,94942
3424,2,31,349065
1080,3,46,140053
753,2,20,97583
4776,3,40,440932
1324,1,18,168289
4332,3,28,433328
1199,2,30,154945
1880,2,5,224361
4396,3,3,490676
2173,5,42,257304
3227,1,28,263080
3656,3,41,358484
3888,4,2,448968
4807,3,0,508942
883,4,43,125775
841,2,14,99518
2487,5,46,269495
4559,3,20,448515
3609,2,45,320899
4582,4,30,474485
3298,3,6,362128
3740,3,16,418570
2488,4,18,295819
3914,3,38,403975
2349,2,2,281125
805,3,29,133373
4113,2,34,376513
3249,4,28,328253
1635,5,49,203855
705,3,13,169688
3950,3,34,381693
4311,1,27,387922
4122,1,29,377475
4099,5,25,475242
3051,2,6,346299
4808,3,38,479936
809,4,30,107118
3208,4,4,363036
2491,3,34,251716
771,3,49,122184
4142,3,46,403747
4586,5,13,518216
2322,3,35,216609
3773,3,26,404491
4849,1,23,461432
1020,1,39,88266
1476,3,28,183315
4222,5,44,414985
4051,4,21,427396
4605,5,7,516113
3273,3,14,381680
3052,4,48,294910
3332,4,4,379974
4407,3,3,446142
652,2,10,137218
3464,3,17,340679
3416,4,41,354346
3300,2,48,280835
2252,5,29,282444
3110,2,14,348356
4375,4,5,466672
1604,3,15,217315
3036,4,46,296783
4699,3,39,445591
4354,5,8,457447
3994,3,42,396828
2414,2,33,238111
3572,3,26,363661
1506,2,12,194855
906,2,35,79608
666,3,26,107949
1008,4,8,188514
2161,3,4,271006
4164,3,21,462932
3989,3,30,420721
1180,2,2,180412
3024,5,29,328835
2620,3,20,284791
4857,5,34,508891
1863,2,5,233734
1831,2,27,226204
2792,4,31,311356
2038,3,41,221115
3908,2,36,398215
1060,2,24,121561
1599,4,31,239924
2403,3,34,272308
674,3,21,185328
2656,2,23,265534
2730,3,38,310779
4787,5,29,499504
4660,2,49,413959
4420,3,31,438988
1997,4,30,245998
4354,2,22,409669
3671,3,39,357865
2067,3,32,237822
1651,3,24,198882
868,3,35,136507
542,3,23,108144
2407,3,30,271845
3990,3,38,394628
3035,3,45,307098
4673,1,12,423528
3373,3,9,390652
2324,5,22,280551
1793,3,17,223659
3886,4,31,391484
3472,3,32,353004
4422,4,35,441869
1492,5,27,231141
2886,2,15,308099
2740,3,15,302849
1976,3,17,210206
3907,3,7,434612
889,2,41,115680
1499,4,15,236067
2355,1,10,249837
1158,3,5,193854
3263,3,0,360593
4163,2,11,407248
1981,5,37,243880
4231,4,27,453827
951,3,44,118089
2975,3,16,327701
3722,2,0,400734
2037,4,31,246401
3593,2,7,395263
1382,3,39,152204
4908,4,42,478575
4568,2,45,422816
3066,4,23,313448
3777,1,9,380033
874,5,46,168246
4197,2,38,384836
3562,3,38,332639
3750,2,9,396356
612,4,35,123250
3697,3,24,407849
2878,2,49,273708
2424,3,9,273256
639,3,18,109917
1924,3,45,220016
3449,4,44,356789
3668,3,14,388932
1016,2,15,151462
3116,1,1,336614
1387,3,28,186005
3604,3,3,370641
549,3,49,104765
4451,2,28,447839
4060,3,30,436682
518,5,16,178496
1973,2,9,262510
4561,3,26,446328
3106,4,40,331434
951,4,14,195040
4265,2,43,358511
2938,3,30,304793
4810,4,20,464153
2049,1,40,196210
3974,3,45,401574
627,2,44,80833
3261,3,25,331938
4956,3,37,476956
1915,4,35,238199
701,1,16,114078
2869,3,2,314596
1017,3,13,170227
1841,3,48,197200
2488,4,12,324149
4045,3,40,389464
4302,5,26,495006
3775,3,0,417357
4154,3,16,420284
2934,4,47,284933
707,2,49,72045
3133,1,33,277323
4617,4,13,484036
653,3,16,161666
3866,4,2,409942
4814,5,33,469586
2018,3,39,215506
3100,3,24,305167
2695,3,1,305200
4998,2,33,471334
4054,4,25,423643
2914,4,30,329583
3349,3,8,380704
2242,1,29,244936
1806,2,19,217532
4349,2,20,447354
4668,4,28,475107
4695,1,24,442302
3055,4,37,332070
2805,3,43,286947
1588,4,24,219882
3142,3,8,385247
1677,3,38,204510
3494,3,43,332337
1059,4,25,212196
3464,3,36,339453
1771,3,15,227440
2313,3,36,233453
3415,2,11,369983
1109,3,23,192089
2961,5,25,319844
4620,1,19,429907
783,2,8,157054
3428,2,22,325912
4896,3,38,475898
1591,2,28,158209
1316,3,30,178202
582,1,18,94270
2420,1,19,307616
3991,4,22,436235
3644,2,42,300236
2593,5,26,312859
675,1,29,102412
3204,3,20,335903
869,2,43,94046
2318,3,34,243890
2601,5,48,298333
3990,4,6,419355
2279,1,21,223407
1864,3,9,261233
4962,3,22,481602
3842,2,14,379925
4176,2,29,375385
2926,5,33,345736
572,5,12,166877
3462,5,3,433172
1359,4,17,203082
4356,3,22,444544
4638,2,32,441362
2924,2,33,263290
1564,1,33,200702
2717,3,35,301550
4517,4,34,454566
2759,4,16,321279
4251,5,27,477766
2586,4,13,315936
868,5,33,175625
3304,2,47,294035
650,4,10,137491
1634,3,12,216578
3284,2,32,320930
4664,5,1,527863
2846,4,33,338714
2750,2,28,300166
560,1,36,93124
3510,3,3,376563
4401,3,11,450576
1837,5,25,268568
1684,2,27,212609
4926,1,2,494663
2051,2,19,221406
4933,1,9,454755
2129,1,17,229758
1827,5,26,233043
2026,3,30,239501
2173,3,26,271017
1861,1,41,177388
2073,2,0,232700
3186,4,5,365642
4870,3,10,512514
2866,4,33,322540
4257,3,38,421215
2934,2,19,338431
2493,3,20,289188
1369,2,20,178080
1514,4,17,233710
2411,2,20,239818
1102,3,18,159058
4321,2,3,430392
1190,3,12,193538
993,5,17,172461
989,3,28,155607
3056,3,24,322058
4985,5,12,527914
794,3,26,147702
4527,2,18,419216
3343,2,48,297758
3412,4,0,452751
2217,4,37,287352
3096,2,18,288900
2373,2,0,272568
3758,5,39,398760
3317,2,16,317343
944,3,20,187564
4141,1,21,392317
4958,4,14,511283
1241,1,49,118544
2541,3,38,271957
1179,1,47,93436
2967,3,38,325270
4197,4,31,432461
1858,3,48,218887
562,3,3,128808
3059,3,43,271088
4269,2,44,415936
4851,4,31,498462
634,2,3,151317
4144,4,0,484375
2635,2,32,265922
3778,2,6,387325
1322,2,8,181119
3574,3,0,408715
3481,3,15,377871
620,4,17,109374
2137,2,46,204312
1424,1,5,205490
1144,4,1,206016
2532,4,8,355661
3261,1,3,321286
2568,3,44,266753
741,3,22,113848
3168,4,42,313479
1302,4,44,152637
4664,4,42,495814
695,4,7,156136
2687,2,38,250147
4015,4,24,422426
2830,3,15,313546
2859,1,34,281821
4106,3,16,388103
776,5,17,153376
560,4,26,141637
3890,2,14,385054
2413,4,16,282315
4427,4,42,421500
3091,2,4,350960
1066,3,15,179849
4435,4,14,487412
2071,3,41,200906
1700,2,45,148507
4909,4,33,508137
3354,5,47,357382
3395,3,18,351067
1736,4,7,246331
636,3,46,71642
1529,2,9,189632
2656,3,4,318825
3094,2,47,292970
1161,4,25,177111
2972,2,21,304005
3177,3,43,326643
2808,3,22,305455
586,5,12,152361
3012,2,8,312698
3442,1,48,268153
3273,2,19,347103
3004,4,27,359284
3810,2,43,337372
2200,2,36,200939
4170,2,23,395640
3200,4,43,335629
4129,1,32,368469
2147,2,19,230286
3818,2,47,346637
4187,3,29,417909
1096,4,43,158188
984,3,8,163727
1145,5,44,163891
3589,5,48,337869
4884,3,16,507782
1220,4,35,176242
998,4,13,206429
2173,4,18,282304
3567,3,6,389670
614,3,2,118041
3479,3,32,322907
2236,4,43,267330
4111,2,31,402342
2753,2,46,285182
2794,3,10,337252
4130,2,41,375169
646,3,1,107308
4482,2,25,441851
3953,2,3,394115
2910,5,16,349832
636,3,16,137277
3860,4,27,394348
3505,2,29,328271
4052,2,39,372090
518,4,22,90798
2742,4,45,270463
948,3,23,129113
2448,5,28,295234
1445,5,3,227176
4736,5,37,473875
2420,3,28,259090
3477,2,18,392243
4688,3,26,476132
4515,3,28,443008
738,2,35,108813
704,4,34,145612
3107,1,5,328274
4840,3,22,461389
3888,2,38,362413
3472,4,45,333553
4890,2,43,438126
3187,4,47,321635
4666,3,7,502156
1848,4,1,251585
4900,5,12,511363
1316,3,39,147155
1320,5,20,202237
692,1,30,82092
2276,2,47,222987
4145,2,35,376193
750,2,47,89418
2288,4,37,262370
4200,1,26,400766
2963,3,35,301061
1667,3,47,195272
4393,3,22,448647
1596,3,20,212495
3179,4,12,355902
2347,2,36,241237
4404,2,46,405481
1004,3,25,139583
2121,3,39,249982
2972,3,6,387643
3046,4,45,303081
1887,3,38,201331
3494,3,21,358779
4316,1,38,362687
1217,3,22,156271
3984,4,29,429270
4934,2,17,477513
1158,2,41,163772
4508,4,17,467586
4734,3,45,450884
4264,2,9,415362
3489,3,38,343981
2604,2,29,268120
1755,4,25,191301
2982,2,6,311420
883,4,6,189301
3107,3,4,364783
693,4,0,146434
4307,2,45,385597
4219,3,17,390561
3081,3,12,342423
3065,3,24,349410
3263,3,39,349020
3298,4,7,404755
2839,5,9,365000
3906,1,31,380657
1231,1,16,147028
3372,4,37,342826
3620,2,14,391431
4677,5,14,510937
3104,3,47,270125
2882,3,39,315068
1031,2,19,140877
4816,2,14,460551
1134,3,34,168210
2269,5,5,327058
4304,5,29,438816
2870,2,7,312722
502,2,30,70318
705,1,47,52649
4635,4,46,394905
3121,2,31,289833
3390,1,44,297269
3693,2,14,326105
3166,2,17,304016
3806,5,12,445036
1397,3,23,160723
1585,2,39,165094
1779,2,13,185854
1170,2,27,154419
2005,1,10,217561
4075,2,5,403856
2455,3,24,227274
749,2,0,127575
2392,2,24,266485
3939,3,1,456516
2353,4,31,268858
3354,3,12,363888
2003,3,32,214660
3885,3,31,410152
4071,3,23,409103
4292,1,26,414707
3926,5,3,459577
543,2,23,100767
4112,3,22,399755
3118,4,28,373516
3663,3,33,393141
1788,5,20,293915
3442,3,29,332980
719,4,25,145867
2425,4,19,279045
3472,5,15,410105
4013,5,2,468965
2948,4,48,295528
3971,4,36,400219
3274,3,39,364123
1490,2,43,152614
3446,3,24,319463
2312,5,22,285469
1303,4,43,149440
989,5,0,192509
4056,4,32,429128
1993,2,14,248641
4145,2,16,397950
3391,2,33,318722
2205,2,16,235658
4016,3,40,415685
3840,5,43,416374
553,4,3,165589
3075,3,12,323397
4091,1,3,378368
1115,2,6,189723
1454,3,45,199130
2933,2,8,288086
2129,2,22,274911
3281,3,32,333576
1149,2,32,142292
2847,5,19,320473
4990,2,3,468604
3778,1,0,345381
3140,1,41,301254
4301,2,33,404495
3061,3,26,332279
3749,4,20,425061
870,3,23,139625
1357,3,14,223955
883,3,34,114397
4377,3,24,430727
3052,1,8,298569
4834,3,16,501729
4790,4,20,513194
3225,4,12,361572
4534,4,2,467913
3793,2,3,420956
4751,2,3,464381
4488,5,42,448829
1422,2,27,149151
3415,2,6,368249
3450,2,25,329390
3546,2,10,382035
1474,2,23,167614
1730,3,42,201331
2935,3,9,317030
2314,5,36,300562
3434,1,12,333491
1863,2,43,188376
4440,3,41,401817
703,3,38,108865
660,3,18,108785
4987,4,18,511504
1268,1,11,142272
4248,4,21,443083
3081,3,46,310071
1593,2,36,147502
1107,4,29,168511
2040,3,45,221749
3375,2,11,360948
3691,1,28,379665
2337,2,20,241243
1189,3,10,184014
4259,2,36,430273
3449,2,47,292046
2603,1,17,224499
865,4,43,141565
4075,4,26,443953
4699,4,36,428234
4672,2,47,414963
4825,5,11,503602
2878,3,22,318804
1705,4,33,214715
4339,3,37,442976
3235,3,22,319367
3847,4,24,415143
2175,1,3,257464
798,3,29,128936
1456,4,29,162835
1614,4,12,240269
3005,5,41,318073
1974,3,48,173811
4960,2,13,492645
4946,1,46,444019
4226,3,7,434732
3971,3,23,419944
3328,2,17,357669
3350,2,34,323635
3006,3,24,332444
4270,4,16,471324
3464,5,31,391690
1449,4,23,164399
3350,4,6,342183
665,3,12,156314
3986,5,26,420218
3009,3,47,285437
1419,4,4,259834
613,5,35,121898
4004,5,25,432847
1491,3,41,172759
4339,1,44,377181
1758,2,30,217623
3926,1,9,381167
1014,2,45,125138
3696,2,25,365424
4934,2,21,491594
3084,3,11,319244
567,4,31,80430
2096,2,26,227495
4978,3,32,464475
518,4,19,157597
3230,3,38,322454
4021,5,40,422740
1072,2,39,118787
2758,2,12,288305
3402,3,13,369605
1150,2,43,144415
3087,3,39,304968
3762,3,21,382679
1838,2,17,230316
4134,2,47,344666
3327,2,28,350587
2717,3,42,261030
4039,3,15,437317
1537,2,45,161934
4883,2,34,416744
4478,1,33,406243
3461,1,2,380442
3726,4,3,417646
1598,1,4,192218
2824,4,9,325426
1439,4,28,220234
4216,1,31,377827
3914,3,30,423937
1948,5,1,310176
1070,4,11,211724
3404,3,26,354583
3005,4,4,351871
1417,4,36,195856
2374,2,26,278525
2178,4,22,300648
1115,3,32,117945
2249,3,3,331251
4325,5,20,473163
4688,4,23,494904
2977,3,43,280329
4005,1,30,352069
3975,3,43,355376
1635,4,47,223240
4500,3,23,437514
874,5,48,140035
706,4,9,153785
1819,3,48,173640
1641,1,48,143303
3190,3,49,308932
3755,3,1,435453
589,3,30,90001
4608,3,24,447376
3520,3,3,400501
2357,2,10,269162
1304,2,16,172788
1444,3,43,148660
3289,2,1,372377
4375,2,5,471320
2110,2,8,273530
3423,3,4,377669
4382,1,19,368176
3721,4,28,396892
4891,3,20,488540
2887,3,8,312468
1441,4,27,185295
3066,2,7,314289
1475,3,30,189316
1454,5,19,210986
1762,4,26,231541
1443,5,7,282032
2702,4,20,312324
3827,2,27,352014
4774,1,22,418229
2759,3,5,329456
2328,3,2,326532
1757,2,4,208316
964,4,8,143550
3794,3,6,441024
1730,2,3,268742
3154,4,38,346111
1384,4,4,230589
4305,3,10,450126
4356,4,14,475718
3635,4,33,390801
1424,3,12,206733
2046,1,47,165368
1594,1,6,198288
2911,3,39,293863
3117,2,5,324508
1262,5,38,191626
2823,4,49,282403
4645,4,29,471244
3275,5,21,386391
3655,4,24,402641
4470,2,27,419241
2540,2,19,281207
1083,4,38,168752
4831,3,2,520764
2603,3,4,316942
2442,3,0,313466
4955,5,14,521789
609,3,25,163149
691,4,2,165180
1403,2,39,172636
1361,3,40,153923
1583,1,46,151100
1149,4,41,164538
4634,1,33,428790
4111,4,4,439370
1136,1,30,132569
1536,2,12,187468
4631,3,42,452985
2648,3,0,304271
4365,2,21,431331
3657,2,14,373535
4087,4,25,460783
3794,3,17,417210
4761,1,47,437989
2930,4,8,335562
2379,1,0,260314
4466,3,42,424136
4213,2,8,449107
4626,3,22,468579
4606,2,42,407624
2511,5,44,272910
3873,2,1,429469
2643,2,13,296405
3000,2,37,291544
1789,4,39,214718
1947,3,17,256212
3699,4,15,387436
2443,5,28,299988
3683,5,43,388464
3716,4,10,391433
3636,2,5,379326
3818,4,2,473287
3282,2,13,328339
1490,4,1,237718
2653,3,31,245916
725,4,30,133124
1276,3,10,172121
3337,3,21,347112
1187,5,2,231166
1029,2,49,88401
3942,2,30,383408
2653,3,32,268069
1794,5,23,225851
2026,1,0,254898
3396,1,43,284754
3603,1,14,346825
2940,1,36,261426
4635,5,26,491678
4302,4,37,431851
1344,3,47,149865
946,3,26,131452
4415,4,43,428899
3609,2,11,378854
1734,3,2,242112
726,3,29,142101
4643,2,31,451189
3459,3,22,382531
2330,2,1,301211
4279,1,6,424882
686,2,33,114075
3377,4,31,365887
3035,1,38,301256
2432,5,31,262932
3424,1,42,299959
1348,4,42,181561
2532,4,13,319879
1752,5,2,271202
2381,4,45,228459
769,2,31,104968
2130,2,42,225341
4905,3,35,464243
3703,2,16,377220
2074,1,47,219387
3392,4,2,392556
2195,3,9,267942
3758,3,46,362725
3762,5,39,402245
1945,3,17,242348
719,3,2,160792
552,4,38,89898
2257,2,9,258863
2166,3,8,247399
3285,5,45,351232
1219,5,45,185497
905,4,10,172428
2794,3,32,277046
571,4,35,108778
2553,1,25,284423
1729,2,26,221859
2067,3,37,216535
4182,3,21,415420
3453,2,25,341546
4982,3,21,515584
1198,2,4,145512
1326,3,34,156916
848,4,1,188283
4408,3,34,434205
807,2,8,131297
3916,3,48,365718
2834,3,17,321447
3309,3,42,318477
4058,3,11,407588
4978,3,2,512392
3977,5,17,446053
3186,1,37,253169
3485,3,6,391085
775,3,32,140010
3047,3,5,341564
3264,2,17,330935
836,2,44,84968
2473,2,21,262262
3479,5,38,365067
4468,4,8,506236
1410,3,34,176292
2496,4,22,257104
3629,2,11,385534
4704,4,23,513184
4257,3,49,407208
827,2,39,124915
2299,4,8,308004
814,4,12,182627
4045,4,39,423986
1634,2,41,186857
3246,5,16,387410
2020,5,6,258629
655,3,16,111867
2224,1,49,175962
3843,2,23,333594
1386,5,1,233784
3573,3,34,383383
3305,3,27,317670
1221,2,18,175290
1412,2,32,171143
3857,3,20,402984
1370,3,9,221936
4608,5,45,461936
997,3,44,154332
2256,4,8,288569
1617,2,37,179225
3909,1,5,388716
3328,3,41,312051
2147,2,34,197456
3483,2,17,366009
642,5,18,182221
3261,3,4,371779
3935,2,24,394926
2931,2,10,289157
2348,2,9,275714
3196,5,16,340027
2217,2,35,204924
3572,2,25,377635
1567,3,30,192440
3286,2,31,324015
4291,2,20,430703
1788,2,17,225946
4371,2,17,426260
2306,2,0,281282
2004,1,13,218488
3808,4,7,397704
3451,2,1,365753
571,4,14,149169
2190,4,33,249620
1844,3,35,202973
3803,2,0,417334
3613,2,20,366005
1382,4,41,184603
4734,3,0,468144
3162,3,31,334639
2004,1,19,192588
2963,5,46,321213
3053,1,35,263367
1232,3,38,170912
2248,3,29,284212
4424,1,6,431183
923,3,21,145430
3978,4,49,407883
2091,4,44,245228
4985,4,9,521641
4937,3,7,512872
992,3,26,184656
691,1,9,100841
998,3,13,153684
1756,2,45,189563
2468,3,10,330803
4822,2,5,487059
2686,3,20,268537
1316,3,32,175486
3720,5,18,410150
1973,3,38,225675
1586,5,23,207742
4699,4,17,462450
2374,3,34,250646
1370,3,42,190790
2542,2,36,228180
772,4,18,148253
1529,3,23,171016
3718,5,33,406647
4569,3,21,462152
1551,4,3,212604
4533,4,9,507684
2073,2,1,220405
3690,2,7,413626
4888,3,32,496820
4297,3,37,421349
3789,2,42,367795
4247,4,27,435389
2605,3,9,277898
807,5,44,145051
3859,4,0,409738
3676,3,33,367664
1751,5,2,249171
3247,3,8,378952
2017,4,4,283488
1878,3,41,217639
2461,3,9,299510
4805,3,11,524079
3363,3,17,378858
3156,3,20,369925
2994,3,20,309289
4505,2,0,453158
4063,5,2,424335
1422,3,4,204007
4732,3,24,467780
4962,3,48,466987
3459,4,7,386058
683,5,16,177110
3858,3,8,425324
1898,2,31,195605
3296,3,5,351908
1036,3,48,126646
1773,4,39,215692
3467,3,20,354755
3549,5,6,414799
1596,3,6,197938
1805,5,46,235438
1415,1,38,152180
3581,4,26,384066
4747,5,7,533874
1528,5,8,247640
2477,1,27,272237
3854,2,14,367454
3011,3,1,353367
770,1,6,139510
1686,1,46,179967
4700,2,17,473366
4264,3,21,413556
2898,3,49,252739
4735,1,9,453617
4682,2,49,425680
2211,3,32,261540
2730,3,6,300131
628,2,2,141973
1769,3,13,181567
4172,5,43,414709
2101,5,45,265069
4470,5,35,441508
4744,4,12,478975
1127,3,15,163337
4297,3,15,445430
2544,3,4,286365
4052,3,24,410038
2841,2,37,269305
3714,3,37,387132
749,3,49,91156
3425,1,37,312235
1474,4,38,192684
1825,1,47,156169
1483,2,40,171909
1388,1,25,170577
3437,3,12,363943
2617,1,43,241121
3172,5,25,347924
1826,3,0,260358
970,3,7,173240
2487,2,3,281244
590,3,20,127088
1029,4,21,182936
4559,3,36,461461
3273,4,48,337759
2186,5,2,324401
691,4,18,181422
2486,3,0,287698
4123,2,28,417938
2685,3,22,281000
4940,3,32,463657
1508,4,40,189967
4283,4,22,436026
4798,4,4,498391
4787,4,6,508607
2552,1,5,269921
3808,1,48,319104
2216,2,21,226012
810,5,48,161902
1760,4,12,223596
4432,3,11,455501
3768,4,3,446802
1084,4,7,208311
3299,5,36,366421
859,4,30,135789
3366,3,36,337572
2511,3,44,235401
4506,2,25,427877
2125,3,42,219820
3264,3,7,360373
1390,2,39,137165
1231,4,32,145709
4461,3,44,443918
3004,5,28,365275
1114,2,4,185633
4306,3,27,435421
2219,3,39,239881
2087,2,16,225708
2111,3,22,237472
1396,2,44,172056
777,2,8,166737
2136,2,1,257034
2658,2,31,268797
2932,4,48,314801
4404,1,30,405022
3762,3,6,410612
1949,4,29,239788
1732,3,2,222938
4617,5,8,501130
1177,4,9,196839
3158,4,45,279068
2528,2,49,237655
4258,4,46,458536
2537,4,25,287916
3149,3,0,363261
1156,2,29,128331
665,3,37,87434
1089,4,14,180183
3321,3,24,359821
4758,4,5,504222
1762,2,17,202636
571,4,0,167455
4016,2,2,422561
4080,2,16,412626
768,3,47,125305
2276,1,7,269223
2962,1,48,286093
1768,2,39,161649
1515,3,16,220005
3222,5,24,399694
1583,4,40,167167
4601,3,11,472523
906,1,28,98631
3576,3,24,369721
1485,4,35,214870
4103,2,24,374831
4985,2,28,474534
1209,2,10,160601
3118,4,3,392627
1911,3,13,249411
1985,4,45,221885
3450,2,37,315923
3434,2,16,400532
4614,3,1,491027
1503,3,7,188795
2966,1,35,260516
2966,2,9,328737
2438,2,6,266889
2439,2,35,234388
2135,2,15,261221
2198,5,13,312383
2591,3,15,286953
2395,3,24,290850
4740,3,40,437108
3898,2,3,438213
1573,1,28,174780
2902,3,5,340893
3712,3,0,403593
4537,2,38,409089
1651,4,0,208458
2945,3,39,293230
2456,2,2,286171
4407,2,0,421725
1307,3,0,220915
686,4,38,119823
1807,2,20,231459
2784,2,44,251534
1257,3,29,189300
4731,2,31,436852
4354,3,32,425784
4766,3,47,447591
2706,1,21,269060
4058,1,29,380608
2080,3,45,183158
1461,2,3,198076
4347,1,22,406647
4075,4,43,369018
1375,2,24,179639
2918,3,11,313425
4698,2,16,477091
1501,3,14,207332
3884,2,9,389002
4566,5,34,490394
3345,4,28,390638
1981,2,11,235878
3801,3,0,442832
1157,3,0,190174
3280,3,9,380321
922,4,17,161355
4181,3,46,428051
4766,1,1,488301
3210,3,48,318716
952,1,7,91910
2897,4,21,339123
2475,3,21,257946
2157,2,25,239703
3041,2,25,331479
3575,4,8,416676
3664,4,20,412896
3466,3,30,346895
2553,2,42,219162
787,3,5,142008
3717,1,13,359409
4354,1,32,396436
1947,2,6,261139
1107,2,23,159645
2264,3,8,317795
1725,5,10,241601
1735,3,22,237026
1529,1,47,154321
3171,3,1,361236
4462,3,14,440172
3677,2,34,340666
4222,5,35,429925
1975,3,27,261267
3396,5,38,382968
1308,3,43,170161
1478,3,3,218608
2963,2,9,316936
1225,3,5,199197
3001,2,29,302129
3862,4,45,382541
1716,4,34,221660
4551,4,48,420049
2697,4,42,293651
3306,4,9,378215
1278,2,31,138566
1472,3,41,182451
3310,3,41,359463
2623,3,2,338560
1098,4,25,168242
3841,2,14,401644
724,1,16,122520
1340,5,26,209845
2314,3,17,270858
1606,2,18,201097
624,4,11,195066
3746,5,23,420441
3431,2,4,344021
4625,4,23,456691
3471,5,26,385753
2517,5,47,260101
2915,5,29,335589
3596,3,14,423913
2109,3,46,209859
1217,1,37,104473
4061,1,43,354848
1516,3,33,182388
4065,3,26,391526
4970,2,19,457359
2460,3,40,280512
1548,2,31,183393
1857,4,3,255555
3926,2,4,388112
615,3,7,129561
2595,3,21,268306
2301,1,41,200954
2646,5,6,379914
2120,3,21,254299
3450,2,45,308125
4292,2,29,422251
3441,2,36,312544
1477,1,15,165243
3566,3,14,347934
1283,3,4,222188
740,4,2,166868
2053,3,22,228367
1512,2,9,209410
686,2,4,114651
2381,3,22,253220
930,2,14,135427
738,1,17,85774
2845,4,24,311262
575,1,7,101908
1856,4,30,229818
2830,2,20,272706
2402,5,1,323572
4513,3,21,463857
2559,4,7,332568
640,2,22,99044
2289,4,31,263965
4126,4,7,447849
516,3,3,110209
4848,3,29,462557
964,4,18,184672
4971,1,22,475753
2327,3,17,279809
3528,4,28,328378
1019,3,22,141147
589,2,32,100081
3351,3,46,355458
3343,4,17,373492
2384,2,43,232765
4671,2,32,436598
1425,2,6,170407
4234,4,27,443824
1469,1,0,162480
1594,3,38,183355
3695,3,33,371077
1904,4,38,227127
3864,5,18,408468
4790,2,30,438387
4482,2,12,458967
4823,4,23,493666
4513,2,4,446160
3592,2,22,339639
4659,4,18,498865
2574,5,0,344408
784,3,32,102886
1687,2,49,161199
4469,3,32,421955
3465,2,31,342749
4819,4,27,509780
1283,4,36,156399
1449,4,40,187994
4439,1,11,431616
544,3,8,93038
2310,2,49,232537
2581,2,10,325166
3998,4,32,413914
1329,2,18,195838
2409,3,41,227982
3081,3,33,304347
1191,5,6,220317
4519,4,30,442748
1431,4,1,231120
3906,3,18,423470
647,2,37,74699
1532,3,31,206875
1811,3,9,203515
887,3,40,112157
3621,3,7,390840
2373,3,25,250019
4088,2,29,382693
1415,2,10,213405
2378,3,40,271448
4248,3,19,446240
777,3,19,156986
2477,3,8,284778
2359,2,7,250103
3536,4,14,379223
3871,4,33,387572
2682,3,23,284398
1670,3,32,208056
989,3,40,136882
3025,4,40,315963
1682,4,44,198116
4979,3,39,491123
4758,3,26,444977
2988,3,20,339194
2376,3,4,254156
2962,3,34,295783
2130,3,20,279240
787,3,3,163710
4782,1,48,405470
2407,5,47,289670
1661,4,15,243896
629,3,30,122448
2863,3,25,304730
643,1,34,96134
515,1,5,91184
744,2,32,92398
1426,3,20,225947
3678,4,15,395631
2676,3,46,230686
1386,3,38,186334
840,3,33,151303
2551,2,41,243391
3898,2,14,356830
4450,4,5,481256
805,5,1,229526
1407,3,23,190641
3154,3,48,319338
4292,5,27,472302
4542,1,0,468553
1871,4,0,302560
820,3,27,151742
4559,3,35,439062
1631,2,19,175749
3078,3,47,307964
4542,4,7,484187
3867,2,0,421597
1317,3,25,161413
511,2,42,67623
694,4,48,111590
3037,3,24,307439
3342,4,9,383987
2729,3,11,327928
3509,2,40,364647
2577,1,6,263609
4367,2,11,454299
943,2,46,69350
797,3,39,115809
1344,1,16,161311
1515,3,4,233630
1884,3,13,230185
1897,3,33,221050
1053,4,47,163056
2850,3,16,297759
1769,5,34,199311
1760,2,0,249031
684,3,49,76384
2910,3,49,291775
4931,3,35,507236
2709,3,14,323519
4172,3,18,410535
2381,3,41,221864
4796,3,4,483847
1021,5,18,193295
2387,5,42,272996
3052,2,38,318333
4309,2,4,453473
4655,4,11,479323
4916,5,18,536489
3979,2,46,390130
1909,3,11,238393
2194,5,35,278122
1026,4,11,168267
3160,2,17,325648
2672,3,48,248463
779,5,47,157122
3464,4,42,345008
4477,4,33,458865
3169,4,47,334399
3393,2,32,385968
2251,4,48,238951
4481,2,17,426496
2861,5,28,333285
4927,3,44,445685
4631,4,4,490060
2208,2,24,251973
3186,3,23,326119
3395,2,28,345090
3276,3,37,339796
1619,4,32,213703
3488,4,9,407731
4759,3,36,451015
4743,1,32,393705
694,5,22,158656
1162,4,10,198179
979,4,23,158952
4718,4,23,495091
1923,4,6,280012
3208,3,49,312806
3675,4,20,400150
4314,3,19,460828
2514,4,9,293557
4289,4,24,439800
2943,1,46,277915
1411,3,35,182578
3713,1,47,319974
2864,2,46,275270
4129,3,14,419297
3972,4,43,398923
1180,2,39,145885
1109,3,39,165718
2656,5,49,303856
4366,4,5,499655
871,3,36,99867
1115,4,1,163746
2753,3,11,276520
4638,2,3,490719
1364,2,22,180406
1768,2,12,202950
1284,3,16,178011
4678,5,30,492686
2737,4,15,311625
4554,3,40,419380
1435,3,25,175192
4480,2,27,415070
2838,4,0,352025
825,4,46,154859
2034,2,11,221562
3980,1,36,358781
4361,3,49,415176
2485,3,19,293064
3278,3,1,363324
1770,3,35,214586
1140,3,14,182660
4578,2,37,416607
1867,3,21,204145
4542,3,43,408890
3075,4,49,326000
4103,5,31,462242
2081,4,19,264098
2486,4,35,304544
2740,3,32,288557
4466,3,14,437209
2605,5,49,283854
628,2,45,106233
4496,3,2,463897
1351,3,28,173787
4603,3,46,452396
2576,2,26,287862
3494,3,4,392696
4244,4,30,444363
3256,3,21,365691
2144,4,34,256994
4871,3,6,524884
3644,5,5,440834
742,3,25,125407
4585,3,0,492546
670,1,18,93412
1152,2,6,153340
4012,3,35,373474
1999,3,11,247996
2599,3,19,298748
2658,1,22,296948
2472,4,24,298809
4425,4,29,454771
2758,2,28,279036
4539,3,30,438382
2535,4,17,307428
3771,3,40,362571
1357,2,18,167897
4323,3,3,473628
1549,2,0,195330
4490,2,40,409151
798,2,14,118652
1423,3,7,209671
4732,2,14,480787
4806,5,14,523009
3299,2,49,297638
4562,2,38,439096
4545,3,21,472013
2302,2,17,255980
3213,3,15,378778
3353,2,1,371354
3157,2,35,313408
3846,2,19,362461
1971,3,15,214228
3449,1,2,356906
1441,4,29,215635
2407,3,1,304308
1743,3,34,219470
4923,3,25,476011
1966,3,4,258794
4457,5,1,502945
2466,1,19,219383
875,1,33,131975
762,2,33,126726
4862,2,19,487181
3888,2,49,374808
3895,3,24,388870
2444,3,19,294263
2393,5,24,291158
4134,2,13,418454
2152,2,46,176359
4641,5,43,465206
4392,4,42,405375
1099,3,42,115440
2412,3,38,253453
1792,4,11,236380
1100,3,47,138201
880,2,4,180149
4713,4,1,498214
4137,3,15,423879
2663,2,29,283516
4855,3,46,440416
1598,3,42,167552
865,4,37,131124
3070,2,44,304005
3919,4,41,362087
2976,3,23,305105
1290,3,29,197405
4069,2,36,326880
1246,4,38,168017
812,5,10,209558
1420,3,13,234479
1577,2,22,202033
3329,3,15,381058
2881,4,49,279009
4118,1,20,375433
1297,3,3,232499
4943,3,32,472005
772,2,46,56632
3510,3,13,385281
2273,2,18,248167
3047,4,4,365655
3664,3,35,321576
1446,3,30,134242
3165,3,44,316671
1006,2,17,139653
743,4,43,113331
1005,3,30,151453
3658,3,29,357110
4090,3,20,413872
2372,3,46,233342
4293,2,29,426043
1692,2,40,142000
4925,1,3,468372
1964,4,4,291755
890,2,40,92581
4976,1,44,437319
3877,4,9,458794
1172,2,26,151271
3060,3,15,375629
1711,2,29,215833
1429,2,12,175335
2039,3,35,203562
1412,1,20,150149
1143,4,44,161195
1001,3,39,139517
1229,2,44,143626
1783,2,14,198097
2618,3,19,280720
4886,2,19,482563
4336,2,44,431596
1419,3,4,191069
4550,4,31,458246
2839,3,5,323838
1255,4,29,184491
2369,4,25,259814
4972,2,36,461006
1007,4,12,203169
1936,4,28,211728
3075,3,4,369503
3926,5,24,408401
1058,2,12,160176
3602,2,23,367368
4122,4,30,431123
4899,3,19,482612
4557,2,7,470869
4215,2,8,406044
1801,4,20,255547
2655,4,19,304504
1192,3,14,185315
4850,5,25,500924
1978,2,41,226507
756,2,10,140155
2930,3,36,312599
941,4,40,156161
2381,2,10,266047
3146,1,26,306416
4320,4,29,445375
2235,5,18,304983
4235,3,33,407354
3145,2,37,290206
518,5,22,163902
1624,4,0,262200
4485,3,2,458716
3154,4,2,409930
2580,4,27,286614
2047,5,13,285530
1361,4,29,211921
654,3,4,166654
3994,3,48,364191
1404,3,14,206850
1769,3,37,195381
904,4,13,178792
1343,5,13,221293
2282,3,48,224120
2064,3,7,244717
1684,3,7,251073
1246,3,18,165921
2225,3,31,273355
3688,1,30,337191
770,3,28,135573
4456,1,40,423466
671,1,10,102284
773,4,44,131398
2806,2,12,313002
1658,2,26,177731
2206,1,18,234910
2271,2,25,256441
921,4,36,175702
1709,3,47,176396
1390,4,8,224775
3767,3,27,380507
1973,2,31,213985
3743,2,2,385102
4978,4,31,492887
2681,3,4,345412
1949,5,7,284558
3596,3,13,386429
3756,3,2,396516
3656,4,23,412797
2090,5,12,303495
4739,3,42,449705
4481,2,28,461505
1935,3,7,241488
723,3,41,88493
719,5,30,148406
4774,3,25,455540
2154,1,17,232021
764,5,17,170857
1453,4,6,247057
4233,2,47,375202
3274,5,37,364866
3624,2,47,334974
979,3,15,175200
4014,5,32,407442
1853,3,2,233944
3822,2,37,350049
4378,3,3,444011
1389,4,35,197086
4354,2,3,457684
1424,3,41,186497
2670,3,8,309726
2402,2,39,229046
2895,3,16,304826
528,4,16,159144
534,3,32,97989
4089,3,19,406699
3170,2,13,347357
3865,3,21,392219
1088,4,26,152074
3718,2,42,330017
3638,3,2,403459
1403,3,23,167353
4586,3,29,448469
2669,2,7,282898
839,4,21,139087
4770,2,24,447866
2214,4,9,290257
1056,3,48,132910
3587,3,28,382932
3766,2,39,339215
4067,4,0,480742
2556,2,20,322237
4399,2,38,400755
1516,3,23,164450
2562,4,8,286821
1338,1,43,118187
2137,1,25,204150
4821,4,8,510277
3996,4,19,436009
2313,2,34,212655
3979,3,35,388127
1951,3,41,202527
2813,3,35,328744
2014,4,8,246721
1731,1,21,173276
2145,4,0,292928
3499,3,4,374077
3940,3,8,440696
4556,3,36,420702
805,5,37,132539
4036,1,18,408408
2223,1,7,224118
2189,2,41,231887
2017,5,42,237898
4417,4,31,437114
919,3,12,149573
3436,1,19,314090
4362,4,35,455097
4729,4,42,464014
1950,3,43,225187
3596,2,36,363634
3761,1,29,359623
1664,3,9,199490
2369,4,30,257917
2319,1,24,248631
3205,3,28,334824
4015,2,23,405381
1842,4,38,219369
2726,3,20,294975
1579,2,40,177944
4706,3,8,454316
3279,3,41,318759
3028,2,41,289376
1313,4,1,224161
2531,1,3,253234
822,2,7,118913
3469,1,31,315588
1403,1,13,167525
2041,2,48,223876
4003,1,12,375051
3153,3,20,330128
2976,1,23,319007
3840,4,49,396753
4743,1,17,427703
1641,1,44,163843
1349,2,39,162848
866,4,25,157133
3397,3,31,325427
1589,4,43,182745
4541,2,32,416281
2538,4,30,299250
3360,1,17,322470
4770,2,34,439883
2354,3,11,271054
994,3,24,122637
3682,5,44,431881
2284,1,30,230390
4010,5,9,481546
4286,3,46,384029
4630,3,33,476286
1498,1,2,182793
4969,2,45,457909
1951,5,38,263086
2251,3,7,305131
2780,3,31,293265
3434,5,42,348411
4234,2,28,406024
3846,3,21,407348
2373,3,19,264259
4303,2,5,432139
2479,2,42,212446
1198,3,48,121623
1812,3,28,223417
3462,4,41,370944
3438,1,16,357861
2800,5,30,367967
3697,1,33,366431
626,3,37,101073
1691,3,36,178692
3139,2,3,338604
4889,2,1,484444
4416,4,11,475145
1866,4,34,243846
1519,2,5,211750
4579,3,45,458582
1184,3,7,194359
4129,1,20,369004
3387,3,45,318635
1962,4,34,243216
4586,2,47,417526
2761,5,14,366433
4680,1,6,455726
3341,3,14,359009
2267,3,44,206563
4680,3,5,472278
4060,3,46,390457
2612,2,16,286593
1126,4,3,212817
4659,4,21,488925
3914,2,31,373449
1875,4,21,226144
1681,2,26,191695
990,4,45,139353
4229,2,14,447357
4034,2,43,395197
3796,2,21,368841
2440,3,27,258805
4908,3,41,438613
2382,3,37,250102
3487,1,8,343259
3659,3,33,413346
1181,3,35,133308
1573,3,8,220159
2887,2,14,297023
2894,1,44,258633
3193,4,19,352603
1870,2,7,245156
4840,1,27,451925
2656,1,18,283165
3080,3,15,325263
4891,3,10,518162
2659,3,41,263144
3748,2,7,364867
4231,4,32,427960
4329,2,9,439205
2127,4,17,247899
3972,3,34,407544
527,3,42,74794
2485,2,49,217053
4653,1,2,458104
2021,3,39,235416
796,3,26,109575
2681,1,27,277416
3902,5,45,363801
2796,5,5,362612
3097,3,46,282710
1401,5,13,214111
1598,2,6,239911
2177,1,9,221458
3381,1,14,334572
1878,3,30,199429
1748,1,28,193825
4235,5,41,443135
4741,2,16,473681
1764,2,28,216695
2407,4,48,250914
1558,2,43,180171
3249,2,14,366183
2548,3,25,286700
4748,2,11,450466
2976,2,24,282470
3740,1,45,336936
2237,1,6,247936
2268,3,12,279976
3957,3,46,388059
555,4,16,173692
4581,3,38,421495
949,4,3,207191
676,3,35,124527
559,3,38,72925
2522,2,30,248257
1887,3,34,206282
744,2,21,111572
4540,5,2,499596
1544,3,16,178612
1091,4,1,172220
3310,2,7,350652
2319,4,20,296957
3378,3,24,314850
3634,2,24,346682
2053,3,38,186591
2621,1,20,260686
3849,4,22,375629
4765,4,1,522066
3415,3,12,347004
1290,4,46,140717
1273,2,33,162757
3200,1,45,261317
2900,4,44,303935
2288,1,22,219211
2473,4,4,341521
1952,3,36,212024
1343,3,18,185012
4710,2,7,519670
511,3,37,72217
4305,2,21,417989
3695,3,6,389242
3477,4,43,350769
4864,3,42,471044
1984,5,27,247129
1612,2,27,181686
1126,3,26,166732
4572,3,38,467605
3327,1,23,353567
945,2,0,154357
4095,3,31,383640
4311,3,32,447313
4710,2,31,462302
881,1,31,116046
1974,2,28,195851
815,2,16,151839
990,3,0,187212
1607,2,31,190234
4656,3,4,486030
4700,2,23,439310
3991,3,44,357593
3169,3,14,335260
4777,3,36,510672
529,3,3,131694
4189,2,37,409033
2656,2,37,279211
2593,4,15,266981
2897,3,8,314978
4019,3,8,412161
4115,5,32,419009
4159,5,7,465335
2386,3,41,248471
3296,2,9,355456
4637,1,19,458853
2351,2,47,234761
4431,3,3,449703
2777,1,19,288666
4761,1,8,520767
1684,4,30,246067
3447,2,6,346268
4880,2,34,436821
1441,1,31,124592
2735,2,2,313757
3549,3,47,326851
3897,4,19,424945
3489,2,42,324657
3995,2,40,339277
4780,2,15,460341
3236,4,34,338397
834,5,34,137048
2903,1,34,235271
3343,4,38,353173
1885,2,18,225217
3886,4,33,388875
3476,4,4,406857
1240,2,42,144589
2181,2,33,231538
513,3,27,120806
2788,5,14,335815
4267,3,22,438758
1037,3,46,120774
3966,5,48,377098
2707,3,19,303917
3470,2,3,384062
3051,4,40,317955
1120,3,4,191754
1384,3,2,210010
4838,3,21,488588
3610,4,47,385361
3137,2,0,322580
1778,3,45,202929
4215,3,4,443043
4163,2,31,391970
3666,4,23,407207
4753,3,14,497672
2366,1,44,202828
1742,5,43,228637
917,3,13,139821
4434,4,42,465527
4530,1,9,451837
4227,1,28,370434
1651,2,10,211325
1727,2,9,217376
3770,2,46,365904
3387,2,27,353390
1576,3,8,210907
4429,2,12,442588
4950,5,8,588985
3065,4,0,381283
3253,2,32,322701
1764,2,45,166614
2587,5,21,322277
944,1,28,91318
3642,5,41,375641
3448,3,11,401284
2465,3,8,289959
3779,3,43,361653
2260,5,5,298481
4425,4,24,448002
4735,4,4,526093
3053,4,46,300221
3820,2,34,359222
4882,3,36,449790
2887,3,9,335498
1685,4,45,203344
3006,2,38,287307
2961,3,19,329168
3390,3,39,371562
2308,2,38,245750
2859,1,24,302022
3828,3,27,379884
3899,3,23,382571
3723,3,22,400342
4957,5,36,522030
3522,2,44,333057
2054,4,6,287068
3069,3,19,301784
1996,3,37,209329
2028,1,32,203710
2643,2,12,291017
2907,2,13,288521
1433,3,8,238021
4662,2,45,403433
743,4,35,137294
3588,2,26,367477
2346,2,3,285819
1814,3,4,222490
4002,4,21,409595
3984,2,31,405872
2169,4,30,276660
4846,1,4,528902
3917,4,42,412892
3102,5,33,314619
3393,2,26,354915
3857,3,49,369260
1344,2,14,197671
2800,4,45,302359
1538,3,21,225452
521,4,35,94974
926,2,25,159290
895,3,41,109587
3721,3,8,364166
4442,3,28,427898
1101,2,28,134230
3450,5,23,396599
4943,5,13,544113
2844,4,31,323605
3640,5,43,379379
4694,3,37,453681
2390,4,45,244112
1978,2,5,241800
2249,2,48,212730
1967,3,7,250367
2272,4,29,275474
3027,1,43,255604
3897,3,39,420533
3773,3,8,445612
597,3,27,83184
3918,3,13,430782
1765,4,29,195515
2604,2,32,272677
2268,3,12,241171
4193,4,20,449014
4766,2,3,479297
992,3,4,155171
1729,3,5,260537
2638,4,41,264104
986,3,41,156356
960,2,44,131351
573,2,11,120749
1089,4,4,223542
1295,1,30,164281
4741,5,7,494901
4842,2,31,461421
3200,2,7,324658
3603,3,33,333094
2148,5,24,257619
1815,2,11,228873
3484,3,2,401370
2936,4,49,294216
1600,2,1,210535
3421,4,12,408818
1392,3,15,171633
2707,2,13,280419
3482,2,39,304254
2803,2,1,304746
3654,4,17,390677
1563,1,11,179977
2057,2,2,261882
4410,4,42,433698
3209,3,11,350556
1311,3,42,134850
1548,4,0,251112
3303,3,18,342263
3297,4,44,326358
4454,3,14,476917
1630,2,28,197691
4574,3,13,470214
1621,1,41,186937
650,2,17,119751
2735,3,18,297448
3511,4,8,378702
1973,3,41,212014
3972,2,16,409474
1654,4,32,207153
3832,3,23,367942
824,3,13,116637
2401,5,34,297505
2615,2,45,235452
2496,5,41,304354
4991,2,9,508065
4059,1,12,379400
803,4,33,153940
1489,5,4,261164
1909,4,49,209761
1401,2,1,177829
2839,2,3,299744
3832,4,28,416060
776,4,41,122447
2980,1,29,292737
2524,3,36,260682
3450,5,45,348075
4012,4,45,417628
712,2,44,99028
975,4,38,145039
2799,4,7,354955
1050,4,49,174005
2614,2,6,283167
1104,3,45,164218
2928,2,10,320275
4691,3,17,482854
1789,3,29,232059
1708,2,46,182389
1582,2,30,185862
3695,4,10,406166
1315,1,39,81268
4536,3,16,456329
4355,3,15,417447
1593,1,38,176950
4392,2,18,428852
4381,2,30,433630
2435,2,12,291503
3058,2,12,307182
4318,3,12,423214
1806,4,36,219671
4268,3,14,457785
1405,2,7,230470
620,2,23,130815
1522,3,12,217857
3736,4,17,425920
3296,1,19,345770
1762,4,3,261273
1057,3,24,154761
970,5,12,177568
2572,3,26,295019
3093,4,11,373079
3693,2,19,384205
3913,2,26,394479
2705,3,12,305294
793,4,38,135234
4572,2,45,427925
2556,2,36,273979
4270,2,7,424057
837,1,28,122719
4211,2,38,388805
2827,3,40,273597
4578,4,10,512992
2261,4,6,272967
1449,2,48,158088
3283,2,9,336237
3850,4,33,393633
3121,3,34,304347
4532,2,35,423123
3123,3,8,372116
4990,1,41,438696
2543,3,37,247897
1334,5,44,189873
1657,3,11,243768
4078,3,49,360770
4656,1,19,451013
620,4,26,130672
1282,5,7,249022
2527,1,21,281068
2862,3,43,300648
835,2,10,121960
1187,2,39,116709
2014,4,31,251779
4266,5,28,452959
3105,1,19,336204
4540,1,35,388776
4565,3,5,472821
1010,2,22,136950
2958,2,10,293485
780,5,42,135102
3157,5,12,418055
1966,4,10,251591
4156,4,3,429015
3239,3,4,331631
1040,2,38,114416
1615,2,48,133774
4936,2,44,441438
1773,3,37,192589
4054,3,21,411648
4744,2,4,513561
3299,2,18,348339
1367,2,3,204789
4983,3,4,522299
1107,5,35,167190
3470,2,48,307241
3295,2,1,335871
3991,2,30,394487
2349,4,28,254905
4403,3,4,474697
3006,3,7,373154
4360,4,38,442145
3449,2,46,329850
1575,3,34,201354
3666,2,34,347299
2721,1,30,251214
2623,3,46,290547
2286,1,33,216910
4494,2,38,403440
2582,4,22,291061
1120,4,49,134945
1519,3,49,165283
2866,5,15,379586
2109,2,48,205146
4655,2,41,428957
2144,3,0,322254
2248,2,44,213987
3551,4,10,393266
728,1,17,104374
2375,1,14,229699
3440,2,20,372665
752,4,29,107447
3156,1,41,272363
2753,3,41,271175
535,5,34,137438
898,2,13,129804
1523,2,7,199660
3059,2,29,292088
3645,3,41,365349
3567,3,44,341459
1628,1,10,195786
3821,3,15,373432
2187,3,39,228505
3964,1,46,350657
3088,2,31,333318
4340,3,0,454931
4424,4,12,459953
678,2,33,100621
4324,1,23,394440
690,4,18,185591
1869,3,6,249873
587,3,4,145406
2527,3,19,270320
1135,3,26,164743
4544,4,16,503001
4805,4,45,450549
1955,4,6,283459
2138,3,43,222769
1013,5,48,199284
694,2,40,88883
4465,3,48,421750
3960,2,14,422796
4095,5,10,462278
3291,3,22,355051
1390,3,37,133994
1511,4,39,185306
690,3,11,157790
3930,3,25,427671
4449,5,37,441250
3362,3,5,375395
1014,4,25,182247
3115,3,27,307608
2758,3,15,327808
4499,4,34,476666
4942,4,10,520277
1848,2,17,189374
4556,2,33,412220
4415,3,8,481573
3737,4,15,415598
1194,4,10,209479
4237,2,38,373520
1234,3,33,181432
3766,3,4,387642
4699,2,19,454421
2754,4,34,294619
2631,3,28,255014
2633,3,42,260253
4924,3,39,464017
665,3,26,129833
1177,4,42,163122
4328,2,40,384668
3954,2,14,409288
2941,2,5,295843
3713,2,44,356397
812,2,31,132627
2415,2,14,312849
4656,3,21,478747
1484,3,34,189159
1040,1,48,63858
1420,3,5,183293
3425,3,27,337251
720,2,6,143076
996,4,11,199023
4088,5,10,437129
3683,3,43,372948
2818,5,23,351448
4594,3,43,408713
3527,3,8,373637
2437,4,23,292618
4837,4,15,515583
4145,5,15,460652
4824,4,17,499201
2717,3,0,320908
959,2,38,127425
1708,5,27,253334
2869,3,38,319348
2011,3,16,237212
4713,2,28,465027
589,2,43,68213
4667,5,11,509832
4745,3,27,508436
1010,2,0,156224
1699,5,45,212286
3475,3,32,386162
4584,2,30,426306
2271,4,32,284122
4898,1,18,438020
1755,4,25,197814
763,2,29,99893
3735,3,33,408586
1957,4,26,250433
2237,2,38,236945
3246,3,26,349184
1275,4,20,205751
1245,2,18,136359
3474,4,8,355446
791,1,23,109471
1109,3,16,169015
3436,3,22,346571
659,4,9,173089
4706,2,21,443335
3608,3,24,372742
1859,3,16,223235
1049,1,45,110581
1509,2,29,163082
4449,3,35,425285
1229,3,29,179695
2378,2,8,310893
3789,3,15,413466
2453,4,41,257450
1456,5,48,206277
3683,4,1,431347
2870,1,4,300939
738,4,5,175448
3643,3,0,361205
1077,5,46,155816
3737,5,44,361405
2387,3,37,225813
4847,2,29,482622
4596,3,20,451346
633,3,38,107261
2222,4,46,235031
4726,3,49,421808
